## Dados de responsabilidade Gasiela B. Tognon
## (http://lattes.cnpq.br/2911532137112895), programa de pós graduação
## em produção vegetal, UFPR, 2014. O experimento foi conduzido para
## avaliar o efeito do calor de campo sob caracteristicas de hastes de
## Baccharis milleflora.
## 
## Experimento conduzido em delineamento inteiramente casualizado com
## medidas repetidas ao longo do tempo dentro das repetições (hastes).
## 
##   * dias: dias de avaliação, vida de vaso das hastes. 
##   * calor : sem calor de campo (s) e com calor de campo (c).
##   * rept: identificação das plantas. 
##   * L: define a luminosidade (L=0 preto e L=100 branco). 
##   * a e b: associam-se a cromaticidade,  (">a"=vermelho, "<a"=verde e
##       ">b"=amarelo, "<b"=azul).
##   * E: delta E, coloração como um todo, uma variável resumo.
##   * peso: hastes pesadas em cada dia de avaliação por meio de balança
##       analítica de precisão (gramas).
##   * classif: nota em escala de forma que 1) cladódios verdes brilhantes
##       sem manchas escuras (oxidação) ao longo da haste. Hastes
##       túrgidas. VIÁVEIS; 2) cladódios verdes brilhantes com manchas
##       escuras (oxidação) somente na porção basal da haste. Hastes
##       túrgidas e sem danos. VIÁVEIS; 3) cladódios apresentando manchas
##       escuras (oxidação) na porção mediana e/ou apical da haste. Hastes
##       secas (com aspecto quebradiço). DESCARTE.
dias	calor	rept	L	a	b	E	peso	classif
1	s	1	35.5	-9.79	13.3	21.73	44.21	1
1	s	2	42.91	-8.67	13.65	25.8	20.04	2
1	s	3	40.78	-9.83	12.89	24.44	24.15	1
1	s	4	40.1	-10.23	14.13	24.99	29.24	1
1	s	5	38.74	-7.67	15.21	24.38	32.93	1
1	s	6	41.47	-11.19	15.63	27.23	25.87	1
1	s	7	42.88	-8.89	18.54	29.09	33.49	2
1	s	8	40.41	-12.05	14.95	26.61	21.25	1
1	s	9	39.22	-7.9	13.98	23.31	16.94	1
1	s	10	41.12	-7.06	10.76	22.2	28.96	1
1	c	1	42.32	-9.64	16.98	27.95	28.3	1
1	c	2	42.07	-11.61	16.49	28.35	34.2	1
1	c	3	38.73	-8.66	14.2	23.51	17.14	1
1	c	4	38.6	-9.65	13.74	23.58	28.2	1
1	c	5	43.83	-10.98	19.9	31.42	16.72	1
1	c	6	41.97	-8.69	15.8	26.56	15.98	2
1	c	7	38.51	-10.43	15.54	25.13	27.34	1
1	c	8	45.63	-10.62	21.08	33.18	21.14	1
1	c	9	42.49	-8.79	16.15	27.17	30.17	1
1	c	10	43.9	-7.87	13.26	15.96	11.76	1
3	s	1	42.44	-11.59	18.07	29.6	45.24	1
3	s	2	39.04	-7.88	10.88	21.19	20.47	1
3	s	3	40.69	-9.69	12.66	24.18	24.52	1
3	s	4	39.58	-11.33	15.73	26.28	29.93	1
3	s	5	40.27	-7.09	13.79	23.52	21.12	1
3	s	6	42.16	-10.04	15.11	26.79	26.53	2
3	s	7	39.7	-6.93	13.25	22.73	33.07	2
3	s	8	42.58	-12.53	17.62	29.82	22.5	1
3	s	9	42.62	-7.62	14.4	25.66	17.84	2
3	s	10	39.72	-6.48	9.33	20.15	29.48	1
3	c	1	45.21	-9.91	20.21	32.05	28.44	1
3	c	2	41.04	-9.63	13.2	24.7	34.9	2
3	c	3	38.34	-8.55	14.04	23.12	17.36	1
3	c	4	41.16	-10.7	16.74	27.56	25.52	1
3	c	5	44.82	-10.01	20.81	32.27	17.3	1
3	c	6	44.21	-9.62	17.12	29.23	16.36	1
3	c	7	38.84	-10.23	15.43	25.14	27.32	1
3	c	8	43.59	-10.72	19.72	31.04	21.47	1
3	c	9	43.13	-8.57	16.21	27.53	29.14	2
3	c	10	45.51	-7.27	12.75	26.65	11.56	1
5	s	1	40.38	-8.67	12.11	23.17	43.11	1
5	s	2	39.04	-8.35	11.79	21.97	19.44	2
5	s	3	39.27	-9.62	12.6	23.21	23.23	3
5	s	4	40.82	-11.23	15.74	26.94	29.07	1
5	s	5	59.24	-4.38	18.22	40.04	19.04	3
5	s	6	40.62	-10.02	13.83	25.01	25.5	1
5	s	7	43.36	-5.31	18.18	28.02	31.54	2
5	s	8	40.2	-11.62	14.99	26.29	21.8	2
5	s	9	38.02	-8.33	14.63	23.26	16.2	3
5	s	10	40	-7.03	9.7	20.79	28.96	2
5	c	1	42.09	-9.4	16.82	27.61	27.17	1
5	c	2	43.64	-11.14	16.13	28.86	33.98	2
5	c	3	38.63	-8.52	13.6	22.97	17.36	2
5	c	4	45.53	-14.15	23.97	36.58	19.62	3
5	c	5	44.67	-9.91	20.27	31.77	16.32	1
5	c	6	42.98	-8.68	15.96	27.18	15.84	2
5	c	7	41	-9.23	14.84	25.54	26.64	2
5	c	8	45.01	-9.55	18.83	30.86	20.25	1
5	c	9	42.04	-9.23	15.01	26.31	27.93	3
5	c	10	47.65	-7.48	12.66	28.34	10.97	3
7	s	1	37.86	-8.65	14.01	22.88	38.28	3
7	s	2	41.71	-1.47	12.53	22.19	17.63	3
7	s	3	40.68	-10.03	13.07	24.58	22.44	3
7	s	4	41.42	-12.62	18.29	29.66	27.54	2
7	s	5	47.52	-0.23	11.38	26.07	15.55	3
7	s	6	43.52	-4.2	13.21	23.91	24.54	2
7	s	7	46.57	-4.08	16.64	28.92	26.08	3
7	s	8	39.39	-10.48	14.28	24.79	20.82	2
7	s	9	42.65	-8.09	17.3	27.79	15.57	3
7	s	10	42.45	0.58	8.89	20.41	27.51	3
7	c	1	46.88	-9.03	21.85	33.96	25.34	2
7	c	2	40.12	-10.86	14.89	25.8	32.27	3
7	c	3	39.26	-10.08	14.44	24.62	15.43	2
7	c	4	53.2	-8.93	20.35	37.36	14.72	3
7	c	5	47.12	-10.45	18.19	32.17	14.81	2
7	c	6	39.02	-10.42	13.87	24.29	14.51	3
7	c	7	40.81	-8.3	17.78	27.1	24.69	3
7	c	8	42.75	-9.45	19.12	30.06	19.49	2
7	c	9	37.26	-8.66	10.95	20.51	27.79	2
7	c	10	43.52	-8.84	16.26	27.93	10.03	3
9	s	1	39.31	1.02	9.14	17.96	31.28	3
9	s	2	38.91	1.1	9	17.56	12.53	3
9	s	3	40.68	-10.35	14.23	25.46	20.72	3
9	s	4	40.83	-11.37	16.66	27.62	25.31	2
9	s	5	45.94	-2.32	15.23	27.24	14.48	3
9	s	6	46.91	-3.03	15.95	28.55	19.9	3
9	s	7	50.32	-4.98	16.97	32.16	16.51	3
9	s	8	45.16	-6.45	18.18	29.51	19.25	3
9	s	9	42.25	-8.21	16.53	27.05	13.37	3
9	s	10	42.05	-4.66	13.9	24.01	25.73	3
9	c	1	45.45	-12.24	19.45	32.62	20.8	3
9	c	2	45.13	-10.7	18.01	30.83	30.17	3
9	c	3	40.01	-10.18	13.66	24.61	13.43	1
9	c	4	44.33	-2.91	13.58	25.08	12.92	3
9	c	5	48.68	-9.8	16.9	32.25	13.32	3
9	c	6	42.67	-7.39	13.06	24.79	13.31	3
9	c	7	47	-11.11	24.81	36.83	23.15	3
9	c	8	48.13	-10.04	23.48	36.22	17.81	1
9	c	9	38.48	-9.54	11.91	22.28	26.04	3
9	c	10	49.48	-10.32	22.12	36.22	7.72	3
