## Experimento feito por Walmes Marques Zeviani durante graduação na
## Fazenda Dinorah com a cultura do milho para avaliar a adubação com
## cama de frango.
##
## Experimento conduzido em blocos casualizados com arranjo fatorial de
## 3 níveis de manejo com 5 níveis de dose de cama de frango. As doses
## foram 0, 2, 4, 8 e 16 ton/ha e os manejos foram cama incorporada ao
## solo com niveladora (incorp), incorporada com semeadura tendo 120
## kg/ha de NPK e cama a lanço mas semeadura com 120 de kg/ha de NPK. As
## variáveis medidas foram:
##
## altes: ALTURA DE ESPIGAS (cm), média de 5 plantas/parcela.
## altpl: ALTURA DE PLANTAS (cm), média de 5 plantas/parcela.
## maspl: PESO DE PLANTA (g), média de 5.
## stand: STAND DE ESPIGAS ha.
## mases: PESO DE ESPIGA COM PALHA(g).
## masgr: PESO DA GRÃOS POR ESPIGA (g).
## indice: INDICE DE COLHEITA (% QUE É GRÃOS).
## prod: PRODUTIVIDADE (KG/HÁ).
## p100: PESO DE 100 GRÃOS (g).
## dens: DENSIDADE DE GRÃOS (g/cm3).
##
manejo	cama	bloco	altes	altpl	maspl	stand	mases	masgr	indice	prod	p100	dens
incorp	0	1	38.400	109.200	53.600	9375.000	95.417	60.833	28.989	570.313	25.000	0.718
incorp	0	2	69.800	131.400	72.600	31250.000	111.500	73.375	28.498	2292.969	24.194	0.741
incorp	0	3	52.800	103.800	83.600	16406.250	95.714	58.571	24.622	960.938	28.571	0.703
incorp	0	4	39.200	86.800	55.600	12500.000	67.188	35.000	22.182	437.500	25.210	0.716
incorp	2	1	60.000	126.000	97.600	17187.500	96.818	60.909	23.855	1046.875	26.087	0.689
incorp	2	2	54.600	109.600	60.600	30468.750	87.308	58.590	28.373	1785.156	28.302	0.730
incorp	2	3	55.200	114.800	72.600	10937.500	80.714	44.643	22.552	488.281	23.810	0.682
incorp	2	4	50.800	95.800	81.600	12500.000	73.438	45.313	22.617	566.406	27.027	0.730
incorp	4	1	62.600	130.800	88.600	27343.750	96.571	59.286	24.252	1621.094	26.087	0.739
incorp	4	2	54.000	120.600	82.600	34375.000	116.136	75.682	27.579	2601.563	25.862	0.712
incorp	4	3	63.800	129.800	94.600	30468.750	85.641	52.436	22.536	1597.656	26.087	0.708
incorp	4	4	57.000	101.600	72.600	14062.500	66.389	39.444	22.106	554.688	22.222	0.756
incorp	8	1	63.600	130.600	81.600	30468.750	99.744	67.949	27.257	2070.313	25.862	0.756
incorp	8	2	59.310	111.750	75.750	19804.688	78.063	49.421	23.909	1085.156	23.496	0.756
incorp	8	3	61.290	120.450	78.450	24726.563	88.069	57.972	25.454	1539.844	24.588	0.756
incorp	8	4	76.200	143.000	103.600	28906.250	107.027	79.324	27.358	2292.969	24.390	0.743
incorp	16	1	77.800	146.400	87.600	32031.250	133.902	90.244	28.948	2890.625	27.523	0.724
incorp	16	2	71.763	136.617	89.883	28554.688	109.666	75.847	27.253	2241.146	25.500	0.741
incorp	16	3	60.800	116.000	66.600	16406.250	83.571	49.286	24.710	808.594	24.590	0.735
incorp	16	4	85.200	169.000	85.600	36718.750	119.574	80.319	28.133	2949.219	166.667	0.751
incorp120	0	1	72.000	136.600	59.600	44531.250	87.982	57.982	28.206	2582.031	23.256	0.708
incorp120	0	2	72.667	140.533	70.600	32552.083	97.043	62.529	27.017	2113.281	71.504	0.731
incorp120	0	3	67.200	138.200	65.600	39843.750	98.725	67.451	29.102	2687.500	26.549	0.728
incorp120	0	4	57.000	119.200	86.600	37500.000	61.042	41.563	21.967	1558.594	26.786	0.693
incorp120	2	1	67.800	135.000	91.600	37500.000	90.625	74.063	28.898	2777.344	27.273	0.729
incorp120	2	2	64.000	130.800	81.267	38281.250	83.464	61.025	26.656	2341.146	26.869	0.729
incorp120	2	3	61.200	107.400	59.600	19531.250	56.800	29.200	20.055	570.313	24.194	0.728
incorp120	2	4	62.400	117.000	61.600	28906.250	101.216	62.838	27.847	1816.406	25.000	0.730
incorp120	4	1	78.000	140.200	61.600	31250.000	84.375	57.125	28.127	1785.156	24.000	0.720
incorp120	4	2	50.000	108.400	52.600	28906.250	82.568	71.892	34.720	2078.125	24.793	0.726
incorp120	4	3	74.200	139.800	60.600	28125.000	105.972	74.583	30.927	2097.656	25.641	0.739
incorp120	4	4	60.800	115.800	68.600	15625.000	88.000	53.250	25.375	832.031	28.037	0.747
incorp120	8	1	69.000	140.000	105.600	32812.500	98.214	63.333	23.707	2078.125	25.424	0.699
incorp120	8	2	75.200	147.600	65.600	38281.250	97.347	67.449	29.275	2582.031	22.901	0.735
incorp120	8	3	58.800	119.600	59.600	31250.000	99.375	60.750	27.648	1898.438	25.210	0.720
incorp120	8	4	65.000	121.200	101.600	11718.750	67.333	33.333	16.480	390.625	23.256	0.710
incorp120	16	1	62.000	122.600	88.600	25781.250	100.303	70.758	27.250	1824.219	24.590	0.730
incorp120	16	2	53.000	94.000	80.600	31250.000	78.125	48.700	23.478	1521.875	27.027	0.708
incorp120	16	3	79.600	134.600	78.600	35156.250	107.556	67.222	26.530	2363.281	25.424	0.730
incorp120	16	4	71.600	135.600	84.600	28125.000	90.417	51.806	22.840	1457.031	26.316	0.739
lanco120	0	1	66.000	139.200	77.600	35156.250	116.222	52.578	21.338	1848.438	26.087	0.743
lanco120	0	2	72.400	136.467	80.267	32812.500	104.731	57.202	23.570	1889.583	25.942	0.737
lanco120	0	3	30.800	71.400	59.600	9375.000	139.583	89.167	30.923	835.938	26.549	0.705
lanco120	0	4	38.800	86.800	53.600	8593.750	39.091	19.091	17.079	164.063	23.077	0.708
lanco120	2	1	59.200	124.800	108.600	24218.750	105.806	69.032	24.355	1671.875	26.316	0.714
lanco120	2	2	58.400	131.800	63.600	22656.250	115.345	74.828	29.486	1695.313	25.862	0.710
lanco120	2	3	49.800	97.000	45.600	12500.000	70.000	44.375	27.739	554.688	21.739	0.689
lanco120	2	4	32.600	67.000	71.600	3125.000	40.000	16.250	12.710	50.781	25.000	0.704
lanco120	4	1	65.200	124.800	101.600	21093.750	90.000	55.926	22.594	1179.688	24.590	0.733
lanco120	4	2	54.000	117.600	115.600	31250.000	113.000	77.875	25.410	2433.594	23.077	0.733
lanco120	4	3	57.200	113.000	58.600	16406.250	81.667	47.381	25.250	777.344	28.037	0.737
lanco120	4	4	52.800	100.600	79.600	10156.250	78.846	51.154	24.405	519.531	26.316	0.720
lanco120	8	1	60.200	113.600	84.600	26562.500	87.941	54.265	23.926	1441.406	25.000	0.712
lanco120	8	2	62.200	121.600	92.600	27343.750	101.143	66.571	25.573	1820.313	24.530	0.714
lanco120	8	3	53.800	116.800	86.600	27343.750	135.000	85.143	27.757	2328.125	24.000	0.712
lanco120	8	4	59.800	115.600	64.600	24218.750	99.032	66.129	28.782	1601.563	24.590	0.718
lanco120	16	1	82.000	150.200	94.600	42968.750	121.455	88.182	28.985	3789.063	22.901	0.747
lanco120	16	2	64.200	121.600	74.600	18750.000	77.708	60.833	28.541	1140.625	25.210	0.733
lanco120	16	3	76.800	148.200	57.600	36718.750	128.085	88.511	32.280	3250.000	23.256	0.739
lanco120	16	4	72.400	153.000	68.600	41406.250	110.660	74.717	29.419	3093.750	26.087	0.718
