## Dados de experimento feito por Alexandre Martins Abdão dos Passos
## (http://lattes.cnpq.br/3663394160618071).
##
## O experimento combinou fonte de fertilizante orgânico (fonte, CF=cama
## de framgo, EC=esterco de curral e PC=pó de carvão) nas doses 0, 3, 6,
## e 9 ton/ha e tendo ainda o complemento de 0, 100, 200, 300 e 400
## kg/ha de dose de fertilizante químico (NPK). O delineamento foi de
## blocos casualizados com arranjo de tratamentos em parcela
## subsubdividida. Na parcela a fonte, na subparcela a dose e
## subsubparcela o npk. As respostas avaliadas foram tanto de solo
## quanto de planta, conforme legenda:
##
## AF: área foliar;
## N: nitrogênio;
## P: fósforo;
## K: potássio;
## Ca: cálcio;
## Mg: magnésio;
## S: enxofre;
## B: boro;
## Cu: cobre;
## Mn: manganês;
## Zn: zinco;
## Fe: ferro;
## ACA: nota visual para acamamento, ordinal em escala de 5 níveis (nenhum=1,2,3,4,5=muito);
## prod: produtividade;
## Apta: altura de plantas (cm);
## Ains: altura de inserção do primeiro legume (cm);
## Nleg: número médio de legumes por planta;
## Ngrao: número médio de grãos por legume;
## PCS: peso de 100 sementes;
## 
fonte	dorg	dnpk	bloco	AF	N	P	K	Ca	Mg	S	B	Cu	Mn	ZN	Fe	ACA	prod	Apta	Ains	Nleg	Ngrao	PCS
CF	0	0	2	31.3808	3.97	0.15	1.43	1.01	0.33	0.23	44.00	6.20	55.20	32.30	93.40	1	3352.50	48.4	21.4	10.00	2.14	15.60
CF	0	0	3	66.5671	3.87	0.26	1.53	1.35	0.37	0.22	43.95	8.45	57.90	28.50	102.95	1	3262.50	48.2	16.2	48.00	2.11	14.77
CF	0	0	1	43.6755	3.76	0.20	1.10	1.40	0.30	0.20	43.50	6.60	32.90	37.70	66.60	1	1907.46	50.0	21.0	27.00	2.13	13.26
CF	0	100	1	41.5474	3.80	0.20	1.10	1.20	0.30	0.20	44.60	6.10	37.90	28.50	69.10	1	2399.30	62.0	22.8	33.90	2.16	13.71
CF	0	100	2	42.3066	4.17	0.16	1.40	1.07	0.34	0.20	43.60	7.10	45.90	30.60	89.90	1	1478.81	62.2	25.0	13.60	2.18	14.67
CF	0	100	3	119.4661	3.99	0.22	1.53	1.27	0.36	0.20	45.40	7.75	46.55	22.15	98.75	1	3421.90	57.8	17.2	30.10	2.10	14.23
CF	0	200	1	51.4560	4.01	0.10	1.00	1.20	0.30	0.20	48.00	5.60	31.80	24.30	79.90	1	2045.98	71.0	26.0	18.80	2.11	14.44
CF	0	200	2	49.9771	4.37	0.19	1.49	1.12	0.33	0.22	47.70	7.50	35.20	25.00	97.70	1	2202.27	67.0	27.8	31.40	2.17	15.38
CF	0	200	3	109.1977	4.19	0.19	1.45	1.28	0.33	0.21	47.30	8.45	53.90	26.35	105.35	1	4425.34	66.0	19.2	32.90	2.02	14.71
CF	0	300	2	29.4732	4.18	0.18	1.33	1.10	0.34	0.22	37.90	7.10	50.30	28.40	94.30	1	2576.03	83.2	31.8	22.80	2.21	14.83
CF	0	300	3	79.3169	4.15	0.21	1.47	1.31	0.36	0.21	41.00	8.15	43.65	23.55	93.85	1	3420.55	66.6	24.8	55.50	2.10	14.37
CF	0	300	1	40.4078	4.12	0.20	1.00	1.30	0.30	0.20	49.30	5.70	32.40	34.50	66.10	1	2682.33	61.0	22.0	34.90	2.20	14.13
CF	0	400	2	58.2200	4.32	0.20	1.42	1.18	0.35	0.23	44.20	7.50	42.60	31.50	138.30	1	2445.98	73.4	26.8	24.50	2.01	14.25
CF	0	400	3	126.0129	4.15	0.20	1.53	1.15	0.34	0.22	40.75	7.95	52.50	23.10	95.15	1	4715.04	73.4	24.2	39.80	1.87	14.71
CF	0	400	1	47.2624	3.97	0.20	1.00	1.30	0.30	0.20	46.80	5.80	44.80	31.90	84.70	1	3198.43	67.4	24.2	32.30	2.32	14.20
CF	3	0	1	41.7944	4.12	0.20	1.40	1.10	0.30	0.20	34.60	5.90	86.20	23.70	95.50	1	2906.25	68.0	25.2	21.10	2.30	14.69
CF	3	0	3	37.7272	4.34	0.26	1.52	1.36	0.36	0.21	43.63	8.33	57.15	29.55	101.48	2	3394.83	74.2	22.8	30.20	2.14	16.34
CF	3	0	2	82.2564	4.55	0.25	1.70	1.38	0.38	0.22	46.20	9.00	38.60	32.70	107.70	1	2864.37	73.8	21.4	37.80	1.97	16.17
CF	3	100	2	51.0775	4.77	0.25	1.59	1.32	0.37	0.26	44.00	10.00	39.80	33.60	111.20	1	2950.56	74.6	26.6	30.00	2.15	15.58
CF	3	100	1	25.3070	4.16	0.20	1.20	1.30	0.30	0.20	43.40	6.50	119.60	28.70	94.50	1	2860.93	72.0	23.4	40.20	2.07	14.73
CF	3	100	3	81.0659	4.47	0.22	1.46	1.40	0.37	0.23	41.40	8.63	40.08	24.28	97.28	3	4201.47	77.8	22.4	37.40	2.25	17.36
CF	3	200	3	53.4986	4.70	0.23	1.59	1.27	0.36	0.27	45.75	7.93	43.53	22.48	98.03	2	4225.95	71.4	24.4	50.10	2.06	16.58
CF	3	200	2	57.7348	4.71	0.29	1.77	1.19	0.35	0.23	48.60	8.30	37.60	36.20	96.10	1	3159.83	79.8	28.2	33.20	1.85	16.11
CF	3	200	1	57.8714	4.68	0.20	1.30	1.30	0.40	0.30	38.60	7.00	84.60	26.40	104.60	2	3605.36	86.6	30.6	36.80	2.24	15.08
CF	3	300	3	95.7590	4.83	0.21	1.58	1.14	0.34	0.27	39.48	8.23	50.30	23.15	97.63	2	3512.57	76.0	25.2	43.50	2.24	16.56
CF	3	300	1	38.0711	4.54	0.20	1.50	1.20	0.40	0.30	42.10	7.00	100.90	27.90	101.40	2	3205.52	87.0	33.0	31.40	2.23	14.97
CF	3	300	2	41.1953	5.12	0.28	1.62	1.21	0.37	0.23	52.40	9.90	41.50	38.00	107.60	2	3447.53	84.2	31.2	29.00	2.17	17.23
CF	3	400	1	60.0851	4.50	0.20	1.20	1.40	0.30	0.30	49.00	6.70	157.80	27.40	106.30	2	4208.39	85.4	27.0	48.80	2.20	15.67
CF	3	400	2	72.5849	4.76	0.28	1.66	1.41	0.37	0.25	49.90	9.60	42.90	35.30	116.60	2	4377.01	84.0	25.4	38.50	2.09	16.73
CF	3	400	3	64.3769	4.63	0.22	1.48	1.30	0.35	0.28	47.35	9.48	50.90	25.53	108.73	2	3913.56	76.8	24.2	52.20	1.90	16.07
CF	6	0	3	65.2492	4.86	0.26	1.52	1.35	0.36	0.28	43.79	8.39	57.53	29.03	102.21	2	3895.54	89.4	25.0	41.50	2.05	17.01
CF	6	0	1	94.2377	4.98	0.30	1.30	1.50	0.40	0.30	52.40	7.80	56.50	32.50	101.80	2	4431.34	78.0	26.6	30.00	2.08	15.19
CF	6	0	2	50.1030	4.73	0.28	1.55	1.34	0.39	0.26	50.30	9.20	54.10	31.70	109.80	2	3541.94	80.2	24.6	41.90	1.85	15.91
CF	6	100	2	75.1550	5.15	0.28	1.43	1.44	0.39	0.26	51.50	9.40	45.20	34.10	106.20	2	3729.86	83.4	27.8	34.70	2.03	15.42
CF	6	100	1	88.1780	4.68	0.30	1.20	1.50	0.40	0.30	44.90	7.30	60.50	34.60	103.90	2	4302.29	80.6	24.6	48.00	1.83	15.46
CF	6	100	3	79.2282	4.92	0.22	1.56	1.27	0.36	0.28	45.58	7.84	45.04	22.31	98.39	2	5611.00	94.4	24.4	41.80	1.99	17.14
CF	6	200	1	42.9825	4.63	0.30	1.20	1.60	0.40	0.20	54.20	6.10	50.80	29.10	108.10	2	4333.05	87.4	28.2	37.50	2.37	15.49
CF	6	200	2	91.6502	4.69	0.32	1.66	1.59	0.43	0.26	52.10	9.00	46.20	42.20	111.70	3	3810.34	84.6	24.4	31.00	2.05	16.18
CF	6	200	3	69.8404	4.66	0.20	1.47	1.29	0.34	0.23	47.33	8.96	52.40	25.94	107.04	2	6126.12	91.2	23.8	69.80	2.28	16.90
CF	6	300	3	63.6924	4.82	0.22	1.46	1.35	0.36	0.28	41.20	8.39	41.86	23.91	95.56	2	5596.36	79.2	25.0	49.00	2.19	15.80
CF	6	300	1	67.8133	4.61	0.30	1.20	1.60	0.40	0.30	52.70	7.00	57.20	35.00	105.50	3	2991.52	88.8	29.8	30.90	2.20	15.74
CF	6	300	2	69.5101	5.03	0.33	1.57	1.40	0.41	0.26	50.40	9.00	50.10	42.30	126.20	3	3716.31	85.8	29.4	34.70	2.13	15.76
CF	6	400	3	95.9721	4.92	0.21	1.56	1.14	0.34	0.24	40.11	8.09	51.40	23.13	96.39	2	5953.77	84.8	26.2	59.20	2.30	16.22
CF	6	400	2	120.8537	5.22	0.33	1.60	1.68	0.44	0.28	52.50	8.30	52.10	45.50	124.10	3	4359.27	86.0	31.8	50.70	2.09	15.66
CF	6	400	1	75.1743	4.61	0.20	1.30	1.30	0.30	0.20	46.30	6.90	54.80	28.20	97.00	2	4314.18	87.6	28.0	35.90	1.91	15.71
CF	9	0	3	51.0541	5.04	0.21	1.47	1.30	0.34	0.28	47.34	9.22	51.65	25.73	107.88	3	5774.28	91.8	28.4	70.70	2.08	17.13
CF	9	0	1	25.9841	4.87	0.30	1.30	1.50	0.40	0.30	58.10	6.20	91.50	41.80	108.80	3	3176.22	95.8	27.8	38.20	2.24	15.59
CF	9	0	2	89.9650	5.21	0.31	1.71	1.42	0.38	0.26	48.60	9.40	57.00	38.00	116.50	2	4162.80	91.0	32.8	27.90	2.14	17.29
CF	9	100	3	191.0231	4.65	0.21	1.57	1.14	0.34	0.26	39.79	8.16	50.85	23.14	97.01	4	5086.55	87.2	23.8	46.40	1.97	16.74
CF	9	100	2	119.5717	4.80	0.31	1.62	1.58	0.41	0.27	44.20	9.10	59.70	33.30	113.20	2	3754.89	93.0	30.0	56.40	2.28	16.98
CF	9	100	1	39.1281	4.50	0.31	1.28	1.50	0.39	0.25	48.20	5.50	82.90	33.30	101.50	3	3600.57	86.2	25.8	28.40	2.16	15.57
CF	9	200	2	97.7615	5.23	0.33	1.75	1.32	0.39	0.26	53.30	9.30	60.90	33.20	113.40	2	5072.04	81.2	22.8	34.80	2.15	16.96
CF	9	200	1	80.1926	4.80	0.27	1.32	1.35	0.37	0.27	44.10	6.40	128.00	27.90	112.30	3	4034.40	88.0	31.2	45.70	2.02	16.13
CF	9	200	3	53.5638	5.02	0.22	1.58	1.27	0.36	0.27	45.66	7.88	44.28	22.39	98.21	4	5640.68	90.2	22.6	39.50	2.14	16.54
CF	9	300	1	35.1327	4.48	0.26	1.23	1.38	0.44	0.26	52.70	5.80	98.60	34.60	104.40	3	4201.47	93.6	31.6	46.30	2.28	16.12
CF	9	300	3	126.4456	4.68	0.22	1.46	1.38	0.36	0.26	41.30	8.51	40.97	24.09	96.42	2	6442.97	86.8	23.6	52.50	2.21	16.78
CF	9	300	2	101.3279	4.87	0.34	1.72	1.38	0.38	0.26	51.30	9.40	66.50	42.70	114.70	3	4502.90	76.8	30.0	29.80	2.06	16.96
CF	9	400	1	68.5184	5.04	0.29	1.25	1.47	0.38	0.29	58.90	7.00	88.50	38.90	114.90	3	4582.99	88.0	26.6	40.40	2.17	15.58
CF	9	400	2	69.3840	5.28	0.32	1.65	1.37	0.41	0.28	49.10	8.10	63.70	35.40	120.10	3	4516.32	86.8	24.8	60.90	2.28	15.46
CF	9	400	3	98.9488	5.16	0.26	1.52	1.35	0.36	0.29	43.71	8.36	57.34	29.29	101.84	3	5812.20	92.6	27.8	54.80	2.19	17.25
EC	0	0	2	32.6616	4.18	0.17	1.51	1.08	0.32	0.21	43.10	7.30	35.00	21.10	105.50	1	1332.87	59.0	21.2	11.00	1.97	14.44
EC	0	0	3	76.7928	4.73	0.21	1.47	1.29	0.34	0.25	47.33	9.09	52.03	25.83	107.46	1	2654.91	53.6	21.8	33.80	2.81	14.61
EC	0	0	1	100.1117	5.28	0.18	1.25	1.70	0.41	0.28	54.60	7.20	39.20	25.50	101.90	1	1803.02	58.0	22.2	36.50	2.21	14.43
EC	0	100	3	65.3662	4.51	0.21	1.56	1.14	0.34	0.28	39.95	8.12	51.13	23.13	96.70	1	3847.83	70.4	22.6	49.50	2.14	16.74
EC	0	100	1	35.8824	4.69	0.21	1.35	1.61	0.37	0.31	56.70	8.60	46.40	27.30	100.80	1	2841.97	66.4	25.4	26.00	1.96	14.44
EC	0	100	2	31.9094	4.33	0.19	1.39	1.20	0.34	0.24	41.00	7.80	35.80	21.40	96.90	1	2227.50	68.2	28.6	27.00	2.07	14.10
EC	0	200	1	55.3365	4.46	0.18	1.28	1.43	0.33	0.28	48.90	7.90	44.40	25.80	96.50	1	2551.81	67.4	19.4	37.50	2.23	15.15
EC	0	200	2	125.3684	4.55	0.20	1.45	1.29	0.35	0.23	42.80	8.20	41.90	19.80	96.00	1	2870.69	68.2	22.0	30.10	2.93	15.43
EC	0	200	3	79.1023	4.51	0.22	1.57	1.27	0.36	0.26	45.62	7.86	44.66	22.35	98.30	1	3291.95	74.2	23.8	40.90	1.50	14.80
EC	0	300	1	173.9096	4.42	0.17	1.21	1.42	0.34	0.27	49.90	6.40	42.10	22.90	93.20	1	2490.14	59.2	21.8	30.70	2.10	15.21
EC	0	300	3	124.4883	4.43	0.22	1.46	1.37	0.36	0.27	41.25	8.45	41.42	24.00	95.99	2	2557.47	70.6	24.0	21.30	2.24	14.54
EC	0	300	2	115.5390	4.44	0.21	1.48	1.25	0.35	0.27	41.70	8.70	49.30	22.30	101.80	1	1184.37	76.2	25.0	37.80	1.45	14.62
EC	0	400	3	68.8958	4.40	0.26	1.52	1.35	0.36	0.25	43.75	8.37	57.43	29.16	102.03	2	2948.05	74.8	22.0	25.90	2.16	15.17
EC	0	400	1	62.4665	4.40	0.18	1.17	1.41	0.35	0.27	52.40	7.10	41.50	23.00	88.00	1	2540.43	69.8	24.2	51.10	2.20	14.28
EC	0	400	2	61.0784	4.40	0.19	1.43	1.06	0.34	0.23	41.50	7.60	39.60	19.90	87.00	1	2349.71	72.6	24.4	32.30	2.10	14.97
EC	3	0	1	36.2587	4.37	0.17	1.31	1.30	0.32	0.25	52.00	8.00	31.40	28.90	91.20	1	2637.16	66.0	24.6	25.70	2.22	14.46
EC	3	0	2	25.2072	4.19	0.17	1.52	0.93	0.32	0.24	35.30	7.20	35.00	26.60	92.20	1	1515.69	61.8	23.8	13.40	2.27	12.70
EC	3	0	3	48.2414	4.28	0.26	1.52	1.35	0.36	0.25	43.73	8.36	57.38	29.22	101.94	1	2428.66	62.6	21.0	37.40	1.85	14.91
EC	3	100	1	84.9291	4.66	0.18	1.15	1.54	0.34	0.28	46.90	7.60	34.30	20.00	86.30	1	3211.21	73.2	28.0	47.90	2.28	15.17
EC	3	100	2	83.1598	4.35	0.19	1.54	1.06	0.32	0.23	39.70	7.80	38.30	23.30	98.70	1	2486.32	74.6	21.0	31.10	2.03	14.27
EC	3	100	3	160.9132	4.51	0.22	1.46	1.37	0.36	0.26	41.28	8.48	41.19	24.05	96.20	1	2810.06	60.2	15.2	37.90	2.01	14.81
EC	3	200	3	138.8945	4.41	0.22	1.57	1.27	0.36	0.26	45.64	7.87	44.47	22.37	98.25	2	3206.02	74.8	25.8	22.80	2.13	14.50
EC	3	200	2	101.2466	4.35	0.18	1.28	1.13	0.34	0.23	38.40	7.80	37.30	19.10	93.20	1	2016.64	72.8	27.0	17.60	2.19	13.76
EC	3	200	1	75.0994	4.46	0.18	1.18	1.50	0.36	0.28	43.70	7.30	35.40	19.50	88.10	1	3031.38	71.2	21.2	23.00	2.19	14.66
EC	3	300	3	92.0148	4.42	0.21	1.56	1.14	0.34	0.27	39.87	8.14	50.99	23.13	96.85	1	3694.71	72.0	27.2	46.30	2.18	15.87
EC	3	300	2	86.3168	4.50	0.19	1.28	1.31	0.35	0.26	43.00	8.60	45.90	23.10	94.30	1	2389.89	72.2	25.8	40.10	1.92	13.94
EC	3	300	1	115.2687	4.34	0.18	1.14	1.54	0.33	0.27	55.00	6.70	34.50	23.10	89.50	1	3169.12	76.0	28.6	43.10	2.24	15.86
EC	3	400	3	74.0365	4.50	0.21	1.47	1.29	0.34	0.24	47.33	9.15	51.84	25.78	107.67	2	4231.95	76.4	19.4	52.60	2.00	15.40
EC	3	400	1	54.4207	4.66	0.16	0.91	3.02	0.54	0.25	54.40	5.50	34.00	17.80	82.50	1	2661.85	72.0	26.8	34.50	2.11	15.31
EC	3	400	2	44.1929	4.33	0.19	1.28	1.08	0.33	0.23	40.90	7.10	41.40	19.50	89.00	1	2851.55	78.8	28.0	26.10	2.02	14.54
EC	6	0	1	43.3587	4.76	0.20	1.23	1.26	0.34	0.28	54.00	8.40	39.00	29.50	95.90	1	2119.40	64.6	23.0	23.50	2.12	13.32
EC	6	0	2	90.3804	4.64	0.21	1.47	1.17	0.34	0.25	45.60	9.10	37.90	23.10	153.10	1	1961.15	73.8	31.4	25.50	2.02	14.28
EC	6	0	3	79.9027	4.70	0.21	1.47	1.29	0.34	0.27	47.33	9.12	51.93	25.81	107.56	1	2845.06	75.4	21.8	38.40	2.24	15.37
EC	6	100	1	19.8349	4.10	0.20	1.16	1.32	0.38	0.25	39.60	8.30	37.30	25.70	89.10	1	2403.23	72.0	27.6	22.40	2.08	13.87
EC	6	100	2	49.5339	4.67	0.20	1.39	1.18	0.35	0.25	50.30	7.80	38.60	21.20	104.00	1	3006.24	73.8	26.2	42.10	2.09	15.29
EC	6	100	3	69.1555	4.39	0.21	1.56	1.14	0.34	0.25	39.91	8.13	51.06	23.13	96.77	1	4065.42	78.0	24.8	28.90	2.73	16.04
EC	6	200	1	38.6776	3.63	0.20	1.12	1.47	0.37	0.28	43.00	8.60	49.80	24.50	95.90	1	2720.65	71.6	29.8	28.50	2.06	14.47
EC	6	200	2	67.5185	4.83	0.21	1.38	1.28	0.37	0.25	43.00	7.90	40.60	20.30	99.30	1	3286.35	77.4	28.0	31.20	2.09	15.51
EC	6	200	3	97.1833	4.23	0.22	1.57	1.27	0.36	0.27	45.63	7.86	44.56	22.36	98.27	2	4649.83	75.0	22.8	66.20	2.19	17.16
EC	6	300	3	78.9017	4.78	0.22	1.46	1.37	0.36	0.26	41.26	8.46	41.30	24.03	96.10	1	3954.53	77.8	24.4	25.30	1.79	17.03
EC	6	300	2	87.5158	4.83	0.22	1.39	1.50	0.40	0.25	51.10	8.10	47.10	22.60	105.70	2	3114.31	76.6	33.2	32.50	2.09	15.12
EC	6	300	1	110.3900	4.73	0.20	1.18	1.27	0.36	0.27	48.80	8.00	44.20	47.00	98.50	1	3715.86	65.8	24.2	29.60	1.98	14.08
EC	6	400	2	91.9940	4.92	0.22	1.29	1.34	0.36	0.25	44.50	7.80	40.40	20.70	101.50	2	3172.67	81.6	30.0	38.70	2.14	14.54
EC	6	400	3	154.3478	4.80	0.26	1.52	1.35	0.36	0.27	43.74	8.37	57.41	29.19	101.98	1	5567.31	73.8	21.6	103.50	2.31	16.48
EC	6	400	1	63.2416	4.67	0.23	1.12	1.63	0.40	0.28	45.70	8.10	47.30	27.30	91.20	1	3127.13	83.4	30.0	44.20	2.14	14.21
EC	9	0	1	51.1550	4.50	0.20	1.33	1.43	0.35	0.27	41.70	8.80	33.90	27.80	86.50	1	2951.55	71.2	23.0	39.50	1.99	15.55
EC	9	0	3	121.4242	4.57	0.21	1.56	1.14	0.34	0.25	39.89	8.13	51.02	23.13	96.81	2	3615.73	73.4	20.4	40.20	2.18	16.46
EC	9	0	2	74.0063	4.63	0.20	1.36	1.11	0.35	0.22	40.20	8.00	38.20	23.30	88.30	1	2718.53	69.0	27.2	24.60	2.14	13.49
EC	9	100	2	44.6261	4.46	0.21	1.28	1.27	0.37	0.23	46.30	8.60	41.40	29.20	100.10	1	2845.17	70.2	28.8	37.70	2.23	14.95
EC	9	100	3	75.0985	4.58	0.22	1.46	1.37	0.36	0.22	41.27	8.47	41.25	24.04	96.15	1	5354.26	75.4	23.2	44.50	2.26	16.53
EC	9	100	1	47.2349	4.70	0.20	1.20	1.50	0.40	0.20	52.60	7.40	40.10	27.70	74.90	1	4089.22	74.0	25.2	43.10	2.25	15.83
EC	9	200	1	75.0944	4.59	0.20	1.30	1.40	0.40	0.20	49.50	6.00	41.50	25.70	93.20	1	4691.03	76.2	26.4	35.30	2.61	15.10
EC	9	200	3	67.2404	4.50	0.21	1.47	1.29	0.34	0.22	47.33	9.14	51.88	25.80	107.62	2	3896.55	84.6	24.4	31.60	2.23	15.65
EC	9	200	2	25.9700	4.41	0.21	1.32	1.22	0.37	0.23	43.50	7.70	47.60	24.80	96.50	1	2443.97	70.2	25.6	30.10	2.16	13.72
EC	9	300	3	51.4079	4.82	0.22	1.57	1.27	0.36	0.28	45.64	7.87	44.52	22.37	98.26	2	4714.00	79.8	24.2	52.90	1.56	16.91
EC	9	300	1	86.1558	4.58	0.20	1.30	1.40	0.40	0.30	49.10	5.50	37.60	28.90	108.40	2	3290.09	75.2	26.2	30.80	2.27	15.69
EC	9	300	2	67.8563	5.05	0.23	1.38	1.12	0.36	0.25	41.60	7.90	53.50	27.40	101.70	1	3103.84	74.8	28.6	29.50	2.08	14.56
EC	9	400	2	35.7249	4.80	0.23	1.47	1.24	0.39	0.24	46.40	7.80	44.40	27.20	96.00	2	3716.94	82.0	24.6	41.40	2.13	14.56
EC	9	400	3	84.8980	4.69	0.26	1.52	1.35	0.36	0.27	43.73	8.37	57.40	29.21	101.96	2	4058.15	82.6	24.6	45.20	2.29	16.97
EC	9	400	1	61.7066	4.58	0.20	1.20	1.60	0.40	0.30	51.00	6.70	37.90	26.40	98.20	2	4114.93	81.6	26.4	35.30	2.12	15.68
PC	0	0	2	15.8481	4.17	0.16	1.21	1.16	0.31	0.24	38.10	7.90	35.20	24.50	116.10	1	1432.16	55.8	22.6	17.10	1.99	13.50
PC	0	0	3	22.3274	4.05	0.26	1.52	1.35	0.36	0.26	43.73	8.37	57.40	29.20	101.97	1	2250.36	53.8	21.2	19.50	2.06	15.35
PC	0	0	1	23.9910	3.93	0.13	1.19	1.12	0.30	0.28	55.90	5.50	31.60	23.80	109.60	1	1618.45	50.8	18.2	20.80	2.04	14.15
PC	0	100	1	33.3176	4.21	0.16	1.15	1.40	0.34	0.32	52.80	6.30	28.30	25.00	92.30	1	2155.52	63.8	21.8	26.10	2.21	14.35
PC	0	100	3	37.1054	4.34	0.22	1.46	1.37	0.36	0.27	41.27	8.47	41.28	24.03	96.12	1	2671.72	66.0	22.2	34.10	1.92	15.81
PC	0	100	2	21.1037	4.47	0.19	1.42	1.12	0.36	0.22	38.90	7.00	52.20	18.70	86.50	1	1494.44	64.2	23.4	24.50	1.98	13.05
PC	0	200	2	26.2236	4.29	0.19	1.46	1.11	0.36	0.25	41.40	7.60	48.50	21.00	91.70	1	2214.70	69.2	27.4	29.30	2.09	13.47
PC	0	200	1	18.1380	4.31	0.17	1.03	1.61	0.36	0.31	44.10	6.20	30.60	19.40	103.20	1	2851.55	67.2	25.0	30.20	2.24	14.70
PC	0	200	3	35.4893	4.30	0.22	1.57	1.27	0.36	0.28	45.63	7.87	44.54	22.37	98.27	1	2293.71	62.8	21.0	32.60	2.04	16.06
PC	0	300	3	45.9212	4.34	0.21	1.56	1.14	0.34	0.29	39.90	8.13	51.04	23.13	96.79	1	2374.02	73.0	21.0	40.50	2.05	16.00
PC	0	300	1	31.3886	4.25	0.19	1.06	1.46	0.39	0.32	45.70	6.80	34.90	20.70	95.70	1	2271.03	72.8	28.2	36.10	2.05	14.56
PC	0	300	2	53.0280	4.42	0.18	1.35	1.25	0.35	0.26	39.70	7.00	48.60	20.80	110.60	1	2935.34	79.8	23.2	26.40	2.27	14.74
PC	0	400	1	27.0945	4.25	0.20	1.15	1.60	0.37	0.33	49.90	6.60	41.20	21.20	99.70	1	3570.86	70.6	29.4	42.70	2.24	15.61
PC	0	400	3	42.8711	4.42	0.21	1.47	1.29	0.34	0.30	47.33	9.13	51.91	25.80	107.59	1	2735.95	66.2	24.2	40.00	2.17	15.94
PC	0	400	2	27.2231	4.59	0.19	1.42	1.18	0.36	0.27	40.80	7.80	42.50	19.70	101.90	2	2242.82	75.8	28.0	21.60	2.19	14.24
PC	3	0	3	42.7995	3.82	0.21	1.56	1.14	0.34	0.26	39.90	8.13	51.03	23.13	96.80	1	2431.41	61.4	21.0	39.00	1.93	15.69
PC	3	0	2	28.0698	4.14	0.15	1.42	1.04	0.32	0.24	38.00	6.10	36.70	20.40	94.00	1	1575.83	56.0	20.4	24.10	2.18	14.13
PC	3	0	1	19.6211	3.50	0.13	1.15	1.19	0.27	0.27	48.70	5.50	35.90	28.60	109.60	1	1193.23	50.2	25.6	10.60	2.10	14.76
PC	3	100	2	28.2356	4.89	0.21	1.60	1.19	0.35	0.25	43.50	8.00	38.50	23.10	102.40	2	1960.86	81.2	28.2	37.50	2.06	13.73
PC	3	100	1	40.6908	3.86	0.16	1.03	1.40	0.34	0.30	51.60	5.80	37.90	22.90	92.90	1	2718.05	68.4	26.2	30.30	1.95	14.78
PC	3	100	3	41.5977	4.38	0.22	1.46	1.37	0.36	0.28	41.27	8.47	41.26	24.03	96.14	1	2520.40	73.8	22.2	22.20	2.08	14.23
PC	3	200	1	51.2621	4.23	0.17	1.13	1.34	0.34	0.32	50.90	7.20	31.00	23.00	99.40	1	2733.42	73.6	25.6	28.60	2.09	15.36
PC	3	200	3	46.3534	4.43	0.21	1.47	1.29	0.34	0.29	47.33	9.13	51.90	25.80	107.60	1	3170.43	69.6	21.0	30.00	2.04	14.80
PC	3	200	2	45.6078	4.63	0.18	1.43	1.30	0.35	0.25	45.80	7.60	48.00	21.90	96.20	2	2768.28	84.2	32.8	42.80	1.71	14.38
PC	3	300	1	51.1606	4.23	0.16	1.14	1.29	0.34	0.30	50.80	6.20	29.30	18.90	95.10	1	2486.32	70.6	24.2	26.70	2.20	14.81
PC	3	300	2	56.7096	4.81	0.20	1.46	1.19	0.35	0.27	39.60	8.10	51.80	22.20	100.40	1	2925.56	74.2	25.8	33.20	2.11	14.75
PC	3	300	3	62.8684	4.52	0.22	1.57	1.27	0.36	0.29	45.63	7.87	44.53	22.37	98.27	1	3324.71	75.6	26.4	30.50	2.10	15.48
PC	3	400	2	48.9787	4.69	0.19	1.39	1.28	0.36	0.24	48.10	6.80	42.10	19.00	97.60	2	3365.34	75.8	28.2	30.00	2.09	14.32
PC	3	400	1	26.3007	3.99	0.17	1.04	1.52	0.35	0.30	55.30	6.30	35.20	20.50	106.80	1	3648.97	80.6	26.2	31.20	2.23	15.54
PC	3	400	3	61.2958	4.34	0.26	1.52	1.35	0.36	0.27	43.73	8.37	57.40	29.20	101.96	2	2986.67	74.8	22.4	39.60	1.92	15.44
PC	6	0	2	60.6247	3.85	0.14	1.39	1.24	0.28	0.22	47.20	6.40	59.90	28.00	98.60	1	1590.98	55.0	20.4	15.00	1.87	14.73
PC	6	0	3	60.8397	3.89	0.21	1.47	1.29	0.34	0.26	47.33	9.13	51.90	25.80	107.60	1	2332.20	60.0	22.6	33.10	2.03	15.12
PC	6	0	1	54.0319	3.92	0.14	1.14	1.31	0.33	0.29	46.90	6.10	30.80	24.70	101.50	1	1673.56	58.0	26.0	21.50	2.17	14.80
PC	6	100	3	49.2637	4.29	0.21	1.56	1.14	0.34	0.28	39.90	8.13	51.03	23.13	96.80	1	3172.67	68.2	22.4	34.80	2.06	15.30
PC	6	100	2	32.5682	4.44	0.18	1.43	1.16	0.32	0.24	43.30	7.40	56.90	23.00	90.20	1	2644.83	71.0	27.6	25.60	2.18	15.05
PC	6	100	1	55.0249	4.14	0.18	1.21	1.34	0.36	0.31	55.60	6.60	31.90	21.90	94.70	1	2870.46	70.8	23.6	21.20	1.96	15.11
PC	6	200	1	104.5080	4.21	0.17	1.18	1.31	0.33	0.29	60.10	6.20	32.40	23.20	100.10	1	2685.34	64.8	25.2	34.90	1.74	15.39
PC	6	200	2	58.1306	4.50	0.19	1.39	1.28	0.36	0.25	44.70	7.40	52.60	21.50	100.20	1	2633.19	75.8	25.2	23.40	2.12	14.74
PC	6	200	3	72.1867	4.36	0.22	1.57	1.27	0.36	0.27	45.63	7.87	44.54	22.37	98.27	1	2841.67	71.0	22.4	26.40	2.13	15.34
PC	6	300	3	74.0942	4.41	0.22	1.46	1.37	0.36	0.29	41.27	8.47	41.27	24.03	96.13	1	3247.76	69.4	29.6	26.70	2.25	15.70
PC	6	300	1	61.0692	4.12	0.17	1.21	1.21	0.32	0.31	51.10	6.40	28.10	23.10	86.80	1	2360.80	68.4	25.2	24.30	2.20	15.45
PC	6	300	2	58.3394	4.69	0.19	1.48	1.11	0.33	0.26	40.20	7.20	50.80	22.10	87.00	1	2915.52	74.6	30.2	27.80	2.30	15.04
PC	6	400	1	41.0259	4.33	0.19	1.17	1.76	0.36	0.31	52.00	6.10	36.50	20.80	130.10	2	2880.39	75.4	31.4	28.10	2.18	15.78
PC	6	400	2	47.1984	5.05	0.25	1.54	1.32	0.37	0.28	44.60	8.70	59.40	26.40	105.90	1	3295.63	81.8	25.6	32.70	2.04	15.38
PC	6	400	3	88.0646	4.69	0.26	1.52	1.35	0.36	0.30	43.73	8.37	57.40	29.20	101.97	1	3487.03	77.6	26.4	37.80	2.13	16.13
PC	9	0	1	39.4331	3.88	0.15	1.26	1.19	0.33	0.29	55.70	6.10	33.20	25.50	89.00	1	1680.79	63.4	24.6	23.80	2.08	14.46
PC	9	0	3	53.6290	4.85	0.26	1.52	1.35	0.36	0.28	43.73	8.37	57.40	29.20	101.97	2	2963.33	69.8	23.6	32.70	1.98	15.09
PC	9	0	2	34.7555	5.82	0.26	1.51	1.37	0.36	0.26	43.30	8.20	56.40	30.60	100.00	1	2626.21	67.2	25.4	46.20	1.94	14.99
PC	9	100	3	114.5176	4.17	0.22	1.46	1.37	0.36	0.28	41.27	8.47	41.27	24.03	96.13	1	2710.26	66.4	24.6	29.40	1.86	15.15
PC	9	100	2	69.5258	4.41	0.23	1.45	1.50	0.38	0.25	41.80	9.10	36.50	25.00	100.70	3	2902.73	80.4	30.6	27.40	1.76	15.98
PC	9	100	1	61.7658	3.93	0.20	1.20	1.20	0.30	0.30	52.50	5.60	32.10	21.40	86.30	1	2196.95	65.0	28.6	30.00	2.22	14.53
PC	9	200	1	32.9784	3.91	0.20	1.10	1.40	0.40	0.30	56.40	5.40	36.20	21.30	91.50	2	2651.95	76.0	25.0	26.80	2.09	15.08
PC	9	200	2	46.4602	4.70	0.24	1.66	1.26	0.36	0.25	46.10	8.10	40.50	22.80	97.30	2	3337.50	78.4	28.2	32.20	2.09	15.71
PC	9	200	3	30.8352	4.31	0.22	1.57	1.27	0.36	0.28	45.63	7.87	44.53	22.37	98.27	2	3063.05	73.0	23.6	34.00	2.12	15.51
PC	9	300	3	88.9950	4.57	0.21	1.56	1.14	0.34	0.29	39.90	8.13	51.03	23.13	96.80	1	2803.30	68.2	25.0	29.30	2.18	16.33
PC	9	300	2	47.9930	4.99	0.22	1.63	1.13	0.35	0.27	38.20	8.50	48.10	23.20	100.10	1	3301.08	79.0	28.0	42.00	2.18	15.30
PC	9	300	1	47.8041	4.14	0.20	1.10	1.50	0.40	0.30	56.20	5.70	34.00	22.10	93.00	2	2643.07	71.4	28.6	25.00	2.08	15.27
PC	9	400	2	61.4516	4.49	0.24	1.51	1.32	0.37	0.30	47.40	10.50	47.90	24.70	112.10	2	3613.43	82.4	31.8	37.30	2.01	16.47
PC	9	400	1	46.7295	4.12	0.20	1.10	1.60	0.40	0.30	56.10	5.50	38.50	23.50	97.80	1	2880.46	78.8	30.4	31.40	2.13	15.45
PC	9	400	3	82.4175	4.31	0.21	1.47	1.29	0.34	0.30	47.33	9.13	51.90	25.80	107.60	1	3162.59	69.4	21.2	38.90	2.33	15.70

