## Dados de resposabilidade de Alexandre Bryan Heinemann, pesquisador
## da Embrapa Arroz e Feijão. Experimento para avaliação de cultivares de
## arroz foi instaldo em delineamento de blocos casualizados para avaliar o
## efeito do espaçamento de cultivo nos componentes de produção das
## cultivares. O experimento foi repetido tem 3 locais sendo que em um
## deles fez-se em dois anos, perfazendo 4 repetições do experimento.
## 
## local: indica o local de condução do ensaio.
## ano: indica o ano de condução do ensaio.
## parc: indica a parcela dentro do ensaio.
## bl: indica o bloco dentro do ensaio.
## cult: indica a cultivar de arroz.
## esp: espaçamento de cultivo (m).
## rend: rendimento de grãos (kg ha^{-1}).
## ester: esterelidade (%).
## npan: número (médio) de panículas.
## p100: peso de 100 grãos (g).
## local2: é a concatenação de local com ano.
## ng_pan: número de grãos por panícula.
## As demais variáveis são ambientais e não medidas ao nível das
## parcelas. Os valores são os mesmos para todas as parcelas de uma mesma
## cultivar:local:ano, ou seja, não mudam de bloco para bloco.
##
local	ano	parc	bl	cult	esp	rend	ester	npan	p100	ng_pan	prect	precv	precr	gdet	gdev	gder	rad	txdesv	tdesr	local2
1	2009	102	1	C	0.45	935	11.23	295.6	NA	124.475	811	569.2	127.8	1897	968	437	2112	0.000671403	0.000800336	CNPAF09
1	2009	104	1	C	0.35	928	26.74	325.7	2.8	87.7	811	569.2	127.8	1897	968	437	2112	0.000671403	0.000800336	CNPAF09
1	2009	109	1	C	0.55	1928	33.54	329.1	2.6	118.875	811	569.2	127.8	1897	968	437	2112	0.000671403	0.000800336	CNPAF09
1	2009	112	1	C	0.25	1795	34.66	480	2.7	75.375	811	569.2	127.8	1897	968	437	2112	0.000671403	0.000800336	CNPAF09
1	2009	202	2	C	0.45	861	11.82	304.4	3.5	154.8	811	569.2	127.8	1897	968	437	2112	0.000671403	0.000800336	CNPAF09
1	2009	206	2	C	0.35	1499	35.69	371.4	3.3	102.625	811	569.2	127.8	1897	968	437	2112	0.000671403	0.000800336	CNPAF09
1	2009	209	2	C	0.55	1653	31.45	220	NA	99.925	811	569.2	127.8	1897	968	437	2112	0.000671403	0.000800336	CNPAF09
1	2009	210	2	C	0.25	1821	45.47	292	2.9	71.525	811	569.2	127.8	1897	968	437	2112	0.000671403	0.000800336	CNPAF09
1	2009	301	3	C	0.45	1784	27.26	344.4	3.5	124.075	811	569.2	127.8	1897	968	437	2112	0.000671403	0.000800336	CNPAF09
1	2009	305	3	C	0.35	2272	26.48	437.1	2	67.325	811	569.2	127.8	1897	968	437	2112	0.000671403	0.000800336	CNPAF09
1	2009	309	3	C	0.55	1716	25.34	289.1	2.8	103.8	811	569.2	127.8	1897	968	437	2112	0.000671403	0.000800336	CNPAF09
1	2009	311	3	C	0.25	1579	49.36	416	NA	100.225	811	569.2	127.8	1897	968	437	2112	0.000671403	0.000800336	CNPAF09
1	2009	401	4	C	0.45	1864	32.57	300	2.8	117.525	811	569.2	127.8	1897	968	437	2112	0.000671403	0.000800336	CNPAF09
1	2009	405	4	C	0.35	1434	46.21	225.7	2.7	80.875	811	569.2	127.8	1897	968	437	2112	0.000671403	0.000800336	CNPAF09
1	2009	407	4	C	0.55	1156	23.95	258.2	2.9	111.775	811	569.2	127.8	1897	968	437	2112	0.000671403	0.000800336	CNPAF09
1	2009	410	4	C	0.25	1576	NA	376	NA	90.05	811	569.2	127.8	1897	968	437	2112	0.000671403	0.000800336	CNPAF09
1	2009	103	1	D	0.45	698	43.34	NA	3.8	127.075	794	515	128.4	1780	744	510	1999	0.000893106	0.000684981	CNPAF09
1	2009	105	1	D	0.35	3423	NA	262.9	3.4	102.825	794	515	128.4	1780	744	510	1999	0.000893106	0.000684981	CNPAF09
1	2009	107	1	D	0.55	2235	27.23	223.6	3.9	119.55	794	515	128.4	1780	744	510	1999	0.000893106	0.000684981	CNPAF09
1	2009	110	1	D	0.25	2459	35.38	324	4.4	105.225	794	515	128.4	1780	744	510	1999	0.000893106	0.000684981	CNPAF09
1	2009	201	2	D	0.45	1378	15.61	173.3	4	139.825	794	515	128.4	1780	744	510	1999	0.000893106	0.000684981	CNPAF09
1	2009	205	2	D	0.35	3025	50.21	177.1	3	60.25	794	515	128.4	1780	744	510	1999	0.000893106	0.000684981	CNPAF09
1	2009	207	2	D	0.55	4108	NA	180	3.8	81.25	794	515	128.4	1780	744	510	1999	0.000893106	0.000684981	CNPAF09
1	2009	211	2	D	0.25	3275	40.26	NA	4.4	128.05	794	515	128.4	1780	744	510	1999	0.000893106	0.000684981	CNPAF09
1	2009	303	3	D	0.45	3184	NA	231.1	NA	84.475	794	515	128.4	1780	744	510	1999	0.000893106	0.000684981	CNPAF09
1	2009	304	3	D	0.35	2781	47.4	202.9	3.5	110.275	794	515	128.4	1780	744	510	1999	0.000893106	0.000684981	CNPAF09
1	2009	307	3	D	0.55	3492	NA	NA	4	NA	794	515	128.4	1780	744	510	1999	0.000893106	0.000684981	CNPAF09
1	2009	312	3	D	0.25	2624	NA	300	NA	55.625	794	515	128.4	1780	744	510	1999	0.000893106	0.000684981	CNPAF09
1	2009	402	4	D	0.45	3132	34.6	188.9	3.7	113.15	794	515	128.4	1780	744	510	1999	0.000893106	0.000684981	CNPAF09
1	2009	404	4	D	0.35	2741	33.98	191.4	NA	76.875	794	515	128.4	1780	744	510	1999	0.000893106	0.000684981	CNPAF09
1	2009	408	4	D	0.55	2983	NA	NA	NA	NA	794	515	128.4	1780	744	510	1999	0.000893106	0.000684981	CNPAF09
1	2009	412	4	D	0.25	1464	32.36	268	4.3	66.9	794	515	128.4	1780	744	510	1999	0.000893106	0.000684981	CNPAF09
1	2009	101	1	P	0.45	1354	17.99	213.3	3.1	NA	795.8	531.2	117.6	1831	821	467	2056	0.000791307	0.000748722	CNPAF09
1	2009	106	1	P	0.35	2103	NA	222.9	2.5	182.025	795.8	531.2	117.6	1831	821	467	2056	0.000791307	0.000748722	CNPAF09
1	2009	108	1	P	0.55	1034	16.43	210.9	3.3	187.875	795.8	531.2	117.6	1831	821	467	2056	0.000791307	0.000748722	CNPAF09
1	2009	111	1	P	0.25	1427	20.58	332	3.1	102.3	795.8	531.2	117.6	1831	821	467	2056	0.000791307	0.000748722	CNPAF09
1	2009	203	2	P	0.45	498	NA	195.6	2.9	NA	795.8	531.2	117.6	1831	821	467	2056	0.000791307	0.000748722	CNPAF09
1	2009	204	2	P	0.35	1720	19.95	237.1	2.8	165.2	795.8	531.2	117.6	1831	821	467	2056	0.000791307	0.000748722	CNPAF09
1	2009	208	2	P	0.55	1972	NA	220	3	NA	795.8	531.2	117.6	1831	821	467	2056	0.000791307	0.000748722	CNPAF09
1	2009	212	2	P	0.25	1987	42.82	364	NA	69.95	795.8	531.2	117.6	1831	821	467	2056	0.000791307	0.000748722	CNPAF09
1	2009	301	3	P	0.45	975	NA	222.2	2.8	231.05	795.8	531.2	117.6	1831	821	467	2056	0.000791307	0.000748722	CNPAF09
1	2009	306	3	P	0.35	2017	19.24	282.9	2.5	139.3	795.8	531.2	117.6	1831	821	467	2056	0.000791307	0.000748722	CNPAF09
1	2009	308	3	P	0.55	1925	18.49	180	NA	161.325	795.8	531.2	117.6	1831	821	467	2056	0.000791307	0.000748722	CNPAF09
1	2009	310	3	P	0.25	1576	22.21	320	3.1	NA	795.8	531.2	117.6	1831	821	467	2056	0.000791307	0.000748722	CNPAF09
1	2009	403	4	P	0.45	1714	26.81	257.8	3	163.95	795.8	531.2	117.6	1831	821	467	2056	0.000791307	0.000748722	CNPAF09
1	2009	406	4	P	0.35	1360	19.21	331.4	3.5	NA	795.8	531.2	117.6	1831	821	467	2056	0.000791307	0.000748722	CNPAF09
1	2009	409	4	P	0.55	1777	38.94	218.2	2.7	180.15	795.8	531.2	117.6	1831	821	467	2056	0.000791307	0.000748722	CNPAF09
1	2009	411	4	P	0.25	1848	32.04	300	3.2	167.75	795.8	531.2	117.6	1831	821	467	2056	0.000791307	0.000748722	CNPAF09
2	2009	102	1	C	0.25	57	NA	208	2	4.8	566.4	285.5	66.1	1841.5	921.5	367	NA	0.000682	0.000938	Formoso
2	2009	104	1	C	0.35	64	60.1	137.1	NA	6.8	566.4	285.5	66.1	1841.5	921.5	367	NA	0.000682	0.000938	Formoso
2	2009	112	4	C	0.55	56	52.2	94.5	1.3	7.1	566.4	285.5	66.1	1841.5	921.5	367	NA	0.000682	0.000938	Formoso
2	2009	201	2	C	0.25	27	NA	208	1.3	4.8	566.4	285.5	66.1	1841.5	921.5	367	NA	0.000682	0.000938	Formoso
2	2009	206	2	C	0.35	NA	63.4	131.4	1.7	6.5	566.4	285.5	66.1	1841.5	921.5	367	NA	0.000682	0.000938	Formoso
2	2009	207	4	C	0.45	146	53.3	113.3	1.9	8.1	566.4	285.5	66.1	1841.5	921.5	367	NA	0.000682	0.000938	Formoso
2	2009	208	1	C	0.45	NA	51.1	106.7	NA	4.8	566.4	285.5	66.1	1841.5	921.5	367	NA	0.000682	0.000938	Formoso
2	2009	210	1	C	0.55	27	NA	80	NA	4.3	566.4	285.5	66.1	1841.5	921.5	367	NA	0.000682	0.000938	Formoso
2	2009	302	3	C	0.25	58	64.7	216	1.4	6.4	566.4	285.5	66.1	1841.5	921.5	367	NA	0.000682	0.000938	Formoso
2	2009	306	3	C	0.35	69	60.6	82.9	2.3	6.8	566.4	285.5	66.1	1841.5	921.5	367	NA	0.000682	0.000938	Formoso
2	2009	309	2	C	0.45	70	NA	55.6	1.8	4.5	566.4	285.5	66.1	1841.5	921.5	367	NA	0.000682	0.000938	Formoso
2	2009	312	2	C	0.55	61	57.6	87.3	1.5	5	566.4	285.5	66.1	1841.5	921.5	367	NA	0.000682	0.000938	Formoso
2	2009	402	4	C	0.25	148	61.5	188	1.4	9.6	566.4	285.5	66.1	1841.5	921.5	367	NA	0.000682	0.000938	Formoso
2	2009	405	4	C	0.35	61	60	105.7	NA	9.1	566.4	285.5	66.1	1841.5	921.5	367	NA	0.000682	0.000938	Formoso
2	2009	408	3	C	0.45	72	NA	88.9	2.1	8	566.4	285.5	66.1	1841.5	921.5	367	NA	0.000682	0.000938	Formoso
2	2009	412	3	C	0.55	155	NA	85.5	2.1	9.3	566.4	285.5	66.1	1841.5	921.5	367	NA	0.000682	0.000938	Formoso
2	2009	101	1	D	0.25	49	83.6	224	2	4.9	443.4	218.9	80	1608.6	664.6	487	NA	0.000938	0.000716	Formoso
2	2009	106	1	D	0.35	343	97.6	122.9	2	2.6	443.4	218.9	80	1608.6	664.6	487	NA	0.000938	0.000716	Formoso
2	2009	108	1	D	0.45	90	82	11.1	1.5	5	443.4	218.9	80	1608.6	664.6	487	NA	0.000938	0.000716	Formoso
2	2009	111	1	D	0.55	81	74.4	109.1	1.9	4.4	443.4	218.9	80	1608.6	664.6	487	NA	0.000938	0.000716	Formoso
2	2009	203	2	D	0.25	85	100	124	0.8	1.3	443.4	218.9	80	1608.6	664.6	487	NA	0.000938	0.000716	Formoso
2	2009	204	2	D	0.35	169	82.4	145.7	0.6	5.8	443.4	218.9	80	1608.6	664.6	487	NA	0.000938	0.000716	Formoso
2	2009	209	2	D	0.45	46	NA	126.7	2.6	11.4	443.4	218.9	80	1608.6	664.6	487	NA	0.000938	0.000716	Formoso
2	2009	211	2	D	0.55	144	96.3	96.4	0.7	3.7	443.4	218.9	80	1608.6	664.6	487	NA	0.000938	0.000716	Formoso
2	2009	301	3	D	0.25	11	95	108	2.1	1.8	443.4	218.9	80	1608.6	664.6	487	NA	0.000938	0.000716	Formoso
2	2009	304	3	D	0.35	58	82.5	88.6	1.3	4.3	443.4	218.9	80	1608.6	664.6	487	NA	0.000938	0.000716	Formoso
2	2009	308	3	D	0.45	33	95.8	122.2	NA	2.5	443.4	218.9	80	1608.6	664.6	487	NA	0.000938	0.000716	Formoso
2	2009	311	3	D	0.55	42	91.1	112.7	1.4	4.2	443.4	218.9	80	1608.6	664.6	487	NA	0.000938	0.000716	Formoso
2	2009	401	4	D	0.25	NA	95	184	NA	1.9	443.4	218.9	80	1608.6	664.6	487	NA	0.000938	0.000716	Formoso
2	2009	406	4	D	0.35	12	95	154.3	2.2	5	443.4	218.9	80	1608.6	664.6	487	NA	0.000938	0.000716	Formoso
2	2009	409	4	D	0.45	15	NA	102.2	1.6	5.3	443.4	218.9	80	1608.6	664.6	487	NA	0.000938	0.000716	Formoso
2	2009	411	4	D	0.55	43	81.6	90.9	2.3	5.5	443.4	218.9	80	1608.6	664.6	487	NA	0.000938	0.000716	Formoso
2	2009	103	1	P	0.25	77	93	236	NA	2.6	506.4	218.9	80	1696.1	718.1	450	NA	0.000872	0.00077	Formoso
2	2009	105	1	P	0.35	77	89	105.7	NA	3	506.4	218.9	80	1696.1	718.1	450	NA	0.000872	0.00077	Formoso
2	2009	107	1	P	0.45	77	95	102.2	NA	5.5	506.4	218.9	80	1696.1	718.1	450	NA	0.000872	0.00077	Formoso
2	2009	109	2	P	0.45	17	90	13.3	NA	1.9	506.4	218.9	80	1696.1	718.1	450	NA	0.000872	0.00077	Formoso
2	2009	110	1	P	0.55	43	93	156.4	2.2	2.2	506.4	218.9	80	1696.1	718.1	450	NA	0.000872	0.00077	Formoso
2	2009	202	2	P	0.25	174	NA	200	1.6	1.3	506.4	218.9	80	1696.1	718.1	450	NA	0.000872	0.00077	Formoso
2	2009	205	2	P	0.35	NA	92	91.4	2.2	2	506.4	218.9	80	1696.1	718.1	450	NA	0.000872	0.00077	Formoso
2	2009	212	2	P	0.55	59	89	118.2	1.8	4.7	506.4	218.9	80	1696.1	718.1	450	NA	0.000872	0.00077	Formoso
2	2009	303	3	P	0.25	32	90	160	2	3	506.4	218.9	80	1696.1	718.1	450	NA	0.000872	0.00077	Formoso
2	2009	305	3	P	0.35	46	95	122.9	NA	1.6	506.4	218.9	80	1696.1	718.1	450	NA	0.000872	0.00077	Formoso
2	2009	307	3	P	0.45	NA	90	140	NA	2.3	506.4	218.9	80	1696.1	718.1	450	NA	0.000872	0.00077	Formoso
2	2009	310	3	P	0.55	NA	93	98.2	NA	2.6	506.4	218.9	80	1696.1	718.1	450	NA	0.000872	0.00077	Formoso
2	2009	403	4	P	0.25	57	92	180	NA	1.7	506.4	218.9	80	1696.1	718.1	450	NA	0.000872	0.00077	Formoso
2	2009	404	4	P	0.35	12	89	102.9	NA	2.4	506.4	218.9	80	1696.1	718.1	450	NA	0.000872	0.00077	Formoso
2	2009	407	4	P	0.45	NA	95	100	NA	1.8	506.4	218.9	80	1696.1	718.1	450	NA	0.000872	0.00077	Formoso
2	2009	410	4	P	0.55	NA	91	85.5	NA	3.1	506.4	218.9	80	1696.1	718.1	450	NA	0.000872	0.00077	Formoso
3	2009	102	1	C	0.55	335	NA	178.2	2.1	134.8	564.85	228.3	234.6	1832.2	995.1	343.6	1806.28	0.00069	0.00083	Porangatu
3	2009	106	1	C	0.25	513	37.7	328	2.1	114.5	564.85	228.3	234.6	1832.2	995.1	343.6	1806.28	0.00069	0.00083	Porangatu
3	2009	109	1	C	0.45	538	45.8	155.6	2	189.3	564.85	228.3	234.6	1832.2	995.1	343.6	1806.28	0.00069	0.00083	Porangatu
3	2009	110	1	C	0.35	821	24.8	191.4	2.3	153.4	564.85	228.3	234.6	1832.2	995.1	343.6	1806.28	0.00069	0.00083	Porangatu
3	2009	203	2	C	0.55	1153	31.3	200	2.3	108.5	564.85	228.3	234.6	1832.2	995.1	343.6	1806.28	0.00069	0.00083	Porangatu
3	2009	204	2	C	0.25	281	25.1	280	2.2	103.4	564.85	228.3	234.6	1832.2	995.1	343.6	1806.28	0.00069	0.00083	Porangatu
3	2009	209	2	C	0.45	844	50.5	231.1	1.8	89	564.85	228.3	234.6	1832.2	995.1	343.6	1806.28	0.00069	0.00083	Porangatu
3	2009	212	2	C	0.35	79	42.1	228.6	2.3	170.4	564.85	228.3	234.6	1832.2	995.1	343.6	1806.28	0.00069	0.00083	Porangatu
3	2009	301	3	C	0.55	872	16.7	189.1	2.4	101.2	564.85	228.3	234.6	1832.2	995.1	343.6	1806.28	0.00069	0.00083	Porangatu
3	2009	304	3	C	0.25	675	21.6	340	2.4	90.1	564.85	228.3	234.6	1832.2	995.1	343.6	1806.28	0.00069	0.00083	Porangatu
3	2009	308	3	C	0.45	1500	17.5	204.4	2.5	90.4	564.85	228.3	234.6	1832.2	995.1	343.6	1806.28	0.00069	0.00083	Porangatu
3	2009	312	3	C	0.35	1938	31	200	NA	146	564.85	228.3	234.6	1832.2	995.1	343.6	1806.28	0.00069	0.00083	Porangatu
3	2009	402	4	C	0.55	429	45.8	123.6	2.1	120.9	564.85	228.3	234.6	1832.2	995.1	343.6	1806.28	0.00069	0.00083	Porangatu
3	2009	405	4	C	0.25	638	41.2	360	2.2	132.4	564.85	228.3	234.6	1832.2	995.1	343.6	1806.28	0.00069	0.00083	Porangatu
3	2009	407	4	C	0.45	1208	21.2	266.7	2.5	97.3	564.85	228.3	234.6	1832.2	995.1	343.6	1806.28	0.00069	0.00083	Porangatu
3	2009	411	4	C	0.35	897	20.2	214.3	2.3	111.4	564.85	228.3	234.6	1832.2	995.1	343.6	1806.28	0.00069	0.00083	Porangatu
3	2009	101	1	D	0.55	1571	23.4	165.5	2.8	102.1	495.1	216.4	170.7	1614.6	690.8	495.8	1528.18	0.00094	0.00071	Porangatu
3	2009	105	1	D	0.25	1413	19.9	244	2.8	180.6	495.1	216.4	170.7	1614.6	690.8	495.8	1528.18	0.00094	0.00071	Porangatu
3	2009	107	1	D	0.45	2528	15.3	246.7	3.2	119.2	495.1	216.4	170.7	1614.6	690.8	495.8	1528.18	0.00094	0.00071	Porangatu
3	2009	111	1	D	0.35	2397	19.5	260	3.3	156.9	495.1	216.4	170.7	1614.6	690.8	495.8	1528.18	0.00094	0.00071	Porangatu
3	2009	201	2	D	0.55	2116	21.2	178.2	3.1	86.4	495.1	216.4	170.7	1614.6	690.8	495.8	1528.18	0.00094	0.00071	Porangatu
3	2009	205	2	D	0.25	1531	21.5	292	3	97.1	495.1	216.4	170.7	1614.6	690.8	495.8	1528.18	0.00094	0.00071	Porangatu
3	2009	207	2	D	0.45	1854	29.9	217.8	3.3	126.5	495.1	216.4	170.7	1614.6	690.8	495.8	1528.18	0.00094	0.00071	Porangatu
3	2009	210	2	D	0.35	2821	16	251.4	3.1	135	495.1	216.4	170.7	1614.6	690.8	495.8	1528.18	0.00094	0.00071	Porangatu
3	2009	303	3	D	0.55	2432	11.1	200	3.5	95.7	495.1	216.4	170.7	1614.6	690.8	495.8	1528.18	0.00094	0.00071	Porangatu
3	2009	306	3	D	0.25	2756	15.9	356	3.5	130.7	495.1	216.4	170.7	1614.6	690.8	495.8	1528.18	0.00094	0.00071	Porangatu
3	2009	309	3	D	0.45	2354	19.5	262.2	3.4	86.4	495.1	216.4	170.7	1614.6	690.8	495.8	1528.18	0.00094	0.00071	Porangatu
3	2009	310	3	D	0.35	3607	12.4	277.1	3.6	97.1	495.1	216.4	170.7	1614.6	690.8	495.8	1528.18	0.00094	0.00071	Porangatu
3	2009	401	4	D	0.55	1616	15.5	181.8	3.2	117.8	495.1	216.4	170.7	1614.6	690.8	495.8	1528.18	0.00094	0.00071	Porangatu
3	2009	404	4	D	0.25	2238	17.5	392	3	95.4	495.1	216.4	170.7	1614.6	690.8	495.8	1528.18	0.00094	0.00071	Porangatu
3	2009	409	4	D	0.45	2545	24.1	235.6	2.9	119.7	495.1	216.4	170.7	1614.6	690.8	495.8	1528.18	0.00094	0.00071	Porangatu
3	2009	412	4	D	0.35	2808	28.1	311.4	3	115.2	495.1	216.4	170.7	1614.6	690.8	495.8	1528.18	0.00094	0.00071	Porangatu
3	2009	103	1	P	0.55	912	NA	196.4	2.1	103.9	495.6	225.2	161.9	1667.3	810.8	426.4	1575.68	0.0008	0.00082	Porangatu
3	2009	104	1	P	0.25	1369	40.4	356	2.3	105	495.6	225.2	161.9	1667.3	810.8	426.4	1575.68	0.0008	0.00082	Porangatu
3	2009	108	1	P	0.45	1403	28.2	213.3	2.2	127.6	495.6	225.2	161.9	1667.3	810.8	426.4	1575.68	0.0008	0.00082	Porangatu
3	2009	112	1	P	0.35	1844	26	291.4	2.2	103.4	495.6	225.2	161.9	1667.3	810.8	426.4	1575.68	0.0008	0.00082	Porangatu
3	2009	202	2	P	0.55	828	NA	158.2	2.4	111	495.6	225.2	161.9	1667.3	810.8	426.4	1575.68	0.0008	0.00082	Porangatu
3	2009	206	2	P	0.25	1775	25	300	2.3	90.9	495.6	225.2	161.9	1667.3	810.8	426.4	1575.68	0.0008	0.00082	Porangatu
3	2009	208	2	P	0.45	1024	29.8	213.3	2.1	123.5	495.6	225.2	161.9	1667.3	810.8	426.4	1575.68	0.0008	0.00082	Porangatu
3	2009	211	2	P	0.35	2183	27.5	257.1	2.5	98.1	495.6	225.2	161.9	1667.3	810.8	426.4	1575.68	0.0008	0.00082	Porangatu
3	2009	301	3	P	0.55	866	20	127.3	2.4	79.6	495.6	225.2	161.9	1667.3	810.8	426.4	1575.68	0.0008	0.00082	Porangatu
3	2009	305	3	P	0.25	1656	22.4	268	2.2	140.4	495.6	225.2	161.9	1667.3	810.8	426.4	1575.68	0.0008	0.00082	Porangatu
3	2009	307	3	P	0.45	NA	26.5	217.8	2.3	109.2	495.6	225.2	161.9	1667.3	810.8	426.4	1575.68	0.0008	0.00082	Porangatu
3	2009	311	3	P	0.35	2509	20.5	245.7	2.4	120	495.6	225.2	161.9	1667.3	810.8	426.4	1575.68	0.0008	0.00082	Porangatu
3	2009	403	4	P	0.55	1080	38.2	190.9	2.3	121.3	495.6	225.2	161.9	1667.3	810.8	426.4	1575.68	0.0008	0.00082	Porangatu
3	2009	406	4	P	0.25	1600	33	444	2.2	153.6	495.6	225.2	161.9	1667.3	810.8	426.4	1575.68	0.0008	0.00082	Porangatu
3	2009	408	4	P	0.45	1840	33	200	2.1	85.1	495.6	225.2	161.9	1667.3	810.8	426.4	1575.68	0.0008	0.00082	Porangatu
3	2009	410	4	P	0.35	NA	26.3	228.6	2	125.2	495.6	225.2	161.9	1667.3	810.8	426.4	1575.68	0.0008	0.00082	Porangatu
1	2010	104	1	C	0.25	4170	12.7	616	2.4	98.1	1111.7	497.3	397.1	1842	936	473	2047	0.00069	0.00074	CNPAF10
1	2010	206	2	C	0.25	5657	12	448	2.6	150	1111.7	497.3	397.1	1842	936	473	2047	0.00069	0.00074	CNPAF10
1	2010	305	3	C	0.25	4572	12.5	632	2.5	136.1	1111.7	497.3	397.1	1842	936	473	2047	0.00069	0.00074	CNPAF10
1	2010	405	4	C	0.25	NA	17.7	640	2.6	151.2	1111.7	497.3	397.1	1842	936	473	2047	0.00069	0.00074	CNPAF10
1	2010	109	1	C	0.35	4742	10.1	434.3	2.6	151.8	1111.7	497.3	397.1	1842	936	473	2047	0.00069	0.00074	CNPAF10
1	2010	209	2	C	0.35	NA	8.9	514.3	2.6	143.4	1111.7	497.3	397.1	1842	936	473	2047	0.00069	0.00074	CNPAF10
1	2010	309	3	C	0.35	6406	10.5	571.4	2.7	147.4	1111.7	497.3	397.1	1842	936	473	2047	0.00069	0.00074	CNPAF10
1	2010	407	4	C	0.35	6036	9.3	480	2.9	120.1	1111.7	497.3	397.1	1842	936	473	2047	0.00069	0.00074	CNPAF10
1	2010	112	1	C	0.45	NA	12.7	537.8	2.5	137.6	1111.7	497.3	397.1	1842	936	473	2047	0.00069	0.00074	CNPAF10
1	2010	210	2	C	0.45	5338	10.4	400	2.3	190.7	1111.7	497.3	397.1	1842	936	473	2047	0.00069	0.00074	CNPAF10
1	2010	311	3	C	0.45	6257	10.6	413.3	2.4	135.7	1111.7	497.3	397.1	1842	936	473	2047	0.00069	0.00074	CNPAF10
1	2010	410	4	C	0.45	6078	12	311.1	2.5	130.1	1111.7	497.3	397.1	1842	936	473	2047	0.00069	0.00074	CNPAF10
1	2010	102	1	C	0.55	4275	13.8	461.8	2.6	126.7	1111.7	497.3	397.1	1842	936	473	2047	0.00069	0.00074	CNPAF10
1	2010	202	2	C	0.55	4231	10.7	370.9	2.6	158.4	1111.7	497.3	397.1	1842	936	473	2047	0.00069	0.00074	CNPAF10
1	2010	302	3	C	0.55	3310	22	305.5	2.5	156.3	1111.7	497.3	397.1	1842	936	473	2047	0.00069	0.00074	CNPAF10
1	2010	401	4	C	0.55	4266	9.1	301.8	2.6	143.2	1111.7	497.3	397.1	1842	936	473	2047	0.00069	0.00074	CNPAF10
1	2010	105	1	D	0.25	3500	24.7	448	3.2	120	1058.1	418.2	317	1663	717	513	1869	0.00091	0.00068	CNPAF10
1	2010	205	2	D	0.25	3388	9.9	504	3.3	102.6	1058.1	418.2	317	1663	717	513	1869	0.00091	0.00068	CNPAF10
1	2010	304	3	D	0.25	3489	22.6	472	3.3	101	1058.1	418.2	317	1663	717	513	1869	0.00091	0.00068	CNPAF10
1	2010	404	4	D	0.25	NA	20.3	424	3.2	78.4	1058.1	418.2	317	1663	717	513	1869	0.00091	0.00068	CNPAF10
1	2010	107	1	D	0.35	3048	15.4	257.1	3	111.2	1058.1	418.2	317	1663	717	513	1869	0.00091	0.00068	CNPAF10
1	2010	207	2	D	0.35	3427	18.8	285.7	3.2	112.5	1058.1	418.2	317	1663	717	513	1869	0.00091	0.00068	CNPAF10
1	2010	307	3	D	0.35	NA	19.7	325.7	3.2	119.3	1058.1	418.2	317	1663	717	513	1869	0.00091	0.00068	CNPAF10
1	2010	408	4	D	0.35	NA	18.6	314.3	3.4	136.7	1058.1	418.2	317	1663	717	513	1869	0.00091	0.00068	CNPAF10
1	2010	110	1	D	0.45	3751	19.5	275.6	3.5	152.9	1058.1	418.2	317	1663	717	513	1869	0.00091	0.00068	CNPAF10
1	2010	211	2	D	0.45	4302	15.4	368.9	2.7	127.2	1058.1	418.2	317	1663	717	513	1869	0.00091	0.00068	CNPAF10
1	2010	312	3	D	0.45	3614	15.7	266.7	2.5	148.8	1058.1	418.2	317	1663	717	513	1869	0.00091	0.00068	CNPAF10
1	2010	412	4	D	0.45	3290	12.5	222.2	3.1	143.5	1058.1	418.2	317	1663	717	513	1869	0.00091	0.00068	CNPAF10
1	2010	103	1	D	0.55	NA	25.7	294.5	3.1	172.3	1058.1	418.2	317	1663	717	513	1869	0.00091	0.00068	CNPAF10
1	2010	201	2	D	0.55	4013	18.5	272.7	2.9	187.3	1058.1	418.2	317	1663	717	513	1869	0.00091	0.00068	CNPAF10
1	2010	303	3	D	0.55	3939	28.1	298.2	3.2	172.8	1058.1	418.2	317	1663	717	513	1869	0.00091	0.00068	CNPAF10
1	2010	402	4	D	0.55	3836	23.9	269.1	3.4	138.3	1058.1	418.2	317	1663	717	513	1869	0.00091	0.00068	CNPAF10
1	2010	106	1	P	0.25	NA	39.1	376	1.9	173.6	1084.8	433.4	312.2	1698	786	474	1899	0.00083	0.00074	CNPAF10
1	2010	204	2	P	0.25	NA	56.4	360	2	171.2	1084.8	433.4	312.2	1698	786	474	1899	0.00083	0.00074	CNPAF10
1	2010	306	3	P	0.25	3601	43	344	2	169	1084.8	433.4	312.2	1698	786	474	1899	0.00083	0.00074	CNPAF10
1	2010	406	4	P	0.25	3756	42	488	2.2	203.8	1084.8	433.4	312.2	1698	786	474	1899	0.00083	0.00074	CNPAF10
1	2010	108	1	P	0.35	NA	37.8	228.6	2.3	183.9	1084.8	433.4	312.2	1698	786	474	1899	0.00083	0.00074	CNPAF10
1	2010	208	2	P	0.35	NA	46.2	365.7	1.9	225.2	1084.8	433.4	312.2	1698	786	474	1899	0.00083	0.00074	CNPAF10
1	2010	308	3	P	0.35	3210	40.8	371.4	2.1	192.2	1084.8	433.4	312.2	1698	786	474	1899	0.00083	0.00074	CNPAF10
1	2010	409	4	P	0.35	3886	NA	417.1	2.2	202	1084.8	433.4	312.2	1698	786	474	1899	0.00083	0.00074	CNPAF10
1	2010	111	1	P	0.45	NA	45.4	280	1.9	212.9	1084.8	433.4	312.2	1698	786	474	1899	0.00083	0.00074	CNPAF10
1	2010	212	2	P	0.45	4587	36.3	320	2.2	197.5	1084.8	433.4	312.2	1698	786	474	1899	0.00083	0.00074	CNPAF10
1	2010	310	3	P	0.45	4369	29.2	275.6	2.1	247.8	1084.8	433.4	312.2	1698	786	474	1899	0.00083	0.00074	CNPAF10
1	2010	411	4	P	0.45	5402	34.3	253.3	2.1	253.6	1084.8	433.4	312.2	1698	786	474	1899	0.00083	0.00074	CNPAF10
1	2010	101	1	P	0.55	NA	48.6	334.5	2.1	178.7	1084.8	433.4	312.2	1698	786	474	1899	0.00083	0.00074	CNPAF10
1	2010	203	2	P	0.55	NA	57.1	240	2.1	195.6	1084.8	433.4	312.2	1698	786	474	1899	0.00083	0.00074	CNPAF10
1	2010	301	3	P	0.55	NA	NA	265.5	2	236.6	1084.8	433.4	312.2	1698	786	474	1899	0.00083	0.00074	CNPAF10
1	2010	403	4	P	0.55	3377	40.4	229.1	2.2	206.8	1084.8	433.4	312.2	1698	786	474	1899	0.00083	0.00074	CNPAF10
