#-----------------------------------------------------------------------
# Tabela de dados extraída do site <http://www.inmet.gov.br/portal/index.php?r=clima/graficosClimaticos>.
#
# A tabela contém dados mensais para as Normais Climatológicas do Brasil
# de 1961-1990 da variável Insolação Total (horas). Dados extraídos dia
# 2019-11-30.
#
# Leitura no R com:
# url <- "http://leg.ufpr.br/~walmes/data/inmet-insolacao-total.txt"
# tb <- read.table(url,
#                  header = TRUE,
#                  comment = "#",
#                  sep = "\t",
#                  dec = ",",
#                  na.strings = "-",
#                  stringsAsFactors = FALSE)
#-----------------------------------------------------------------------
Código 	Nome da Estação	UF	Janeiro	Fevereiro	Março	Abril	Maio	Junho	Julho	Agosto	Setembro	Outubro	Novembro	Dezembro	Ano
82704	Cruzeiro do Sul	AC	78,5	60,5	63,0	73,3	97,9	135,5	165,1	135,1	108,6	123,6	104,0	84,6	1229,7
82915	Rio Branco	AC	96,0	85,7	118,1	124,3	147,2	170,5	215,0	185,5	154,5	146,6	141,9	115,4	1700,7
82807	Tarauacá	AC	95,0	75,3	93,0	99,0	131,7	151,2	175,5	168,3	148,6	143,9	124,0	112,9	1518,4
82994	Maceió	AL	254,2	225,7	203,0	196,8	191,8	178,6	176,0	205,2	204,6	252,4	274,7	264,2	2627,2
82113	Barcelos	AM	163,4	141,9	138,8	134,5	140,9	139,1	171,6	190,9	166,1	169,1	161,4	151,6	1869,3
82410	Benjamin Constant	AM	103,3	98,0	111,6	110,0	115,4	129,8	142,0	156,8	139,6	144,3	116,7	104,7	1472,2
82418	Carauari	AM	112,9	100,3	87,0	112,5	126,3	149,6	172,6	167,2	148,4	136,3	117,5	-	-
82425	Coari	AM	136,2	123,2	134,4	132,7	160,3	180,9	203,2	219,8	195,7	171,5	147,3	141,1	1946,3
82326	Codajás	AM	122,0	88,5	101,6	114,9	132,7	163,9	199,8	205,7	174,7	151,1	134,4	126,4	1715,7
82212	Fonte Boa	AM	140,1	127,7	123,3	114,7	131,3	132,3	151,1	169,9	165,3	162,6	151,0	134,0	1703,3
82067	Iauaretê	AM	125,3	111,7	109,6	107,3	107,9	106,6	121,4	132,3	132,2	137,6	130,5	126,0	1448,4
82336	Itacoatiara	AM	91,6	82,2	85,7	98,1	123,7	152,9	180,9	187,2	163,6	136,2	121,1	109,0	1532,2
82723	Lábrea	AM	89,9	84,9	87,2	104,7	127,0	180,4	200,5	151,2	120,1	123,5	108,8	89,4	1467,6
82331	Manaus	AM	114,3	87,7	98,5	111,9	148,6	184,8	214,2	225,0	200,5	171,2	140,9	130,9	1828,5
82533	Manicoré	AM	108,6	91,7	107,8	119,9	135,1	184,8	220,9	205,7	164,3	147,1	135,4	109,4	1730,7
82240	Parintins	AM	145,4	110,8	121,9	137,0	163,5	195,6	227,5	255,8	253,8	230,8	196,7	169,1	2207,9
82106	S. G. da Cachoeira(Uaupés)	AM	154,4	133,1	134,7	120,2	133,5	119,5	136,9	141,7	163,6	157,2	151,9	149,3	1696,0
82108	Santa Izabel do Rio Negro	AM	159,9	134,2	130,1	115,3	115,9	116,0	148,8	169,0	156,9	171,0	157,5	170,6	1745,2
82317	Tefé	AM	148,0	117,7	131,1	127,2	140,7	153,6	183,5	204,5	184,4	165,3	155,7	143,4	1855,1
82093*	Cupixi	AP	123,7	88,4	75,6	94,0	109,7	131,8	174,7	213,5	215,0	248,4	212,7	159,7	1847,2
82098	Macapá	AP	147,3	110,1	109,2	114,8	152,0	190,1	227,1	271,4	272,5	282,4	252,9	205,4	2335,2
82095	Porto Platon	AP	117,2	104,2	98,7	100,7	125,8	161,2	202,7	226,9	237,7	245,4	199,2	162,7	1982,4
83236	Barreiras	BA	199,9	186,7	206,1	212,8	253,4	255,3	280,7	286,2	243,9	213,9	188,6	192,1	2719,6
83288	Bom Jesus da Lapa	BA	209,0	220,7	235,5	230,9	265,5	256,8	274,2	278,6	240,5	214,9	190,7	192,4	2809,7
83339	Caetité	BA	211,5	212,1	225,6	199,8	224,5	212,0	229,9	253,5	230,9	206,9	174,8	190,4	2571,9
83498	Caravelas	BA	242,2	220,8	230,4	198,9	204,8	180,1	193,0	210,7	183,4	181,7	173,1	211,6	2430,7
83348	Ilhéus	BA	220,2	215,6	235,9	203,4	199,8	191,3	197,7	210,8	198,5	199,5	190,2	220,2	2483,1
83182*	Irecê	BA	248,5	208,8	232,7	227,9	241,0	236,2	259,8	285,7	263,1	246,4	214,7	237,0	2901,8
83244	Itaberaba	BA	197,7	181,3	205,0	177,0	160,3	148,1	153,5	168,6	155,9	169,0	156,2	179,3	2051,9
83295	Itiruçu (Jaguaquara)	BA	171,1	167,7	163,1	150,4	147,8	128,7	128,1	160,1	144,3	149,4	133,5	170,6	1814,8
83242	Lençóis	BA	183,1	164,8	183,3	158,0	149,6	144,4	160,6	173,8	159,6	149,8	141,9	155,4	1924,3
83090	Monte Santo	BA	211,1	182,7	193,0	171,8	160,0	132,5	140,0	186,1	187,5	213,3	205,9	223,5	2207,2
82986	Paulo Afonso	BA	260,1	227,8	228,6	213,0	194,5	171,2	181,0	212,6	226,0	274,0	271,8	249,6	2710,2
83229	Salvador (Ondina)	BA	245,6	226,4	231,1	189,7	174,3	167,2	181,2	202,6	211,4	228,0	213,6	224,7	2495,8
82294	Acaraú	CE	209,5	150,1	148,6	157,1	216,2	231,0	266,0	290,0	287,2	300,2	285,7	258,2	2799,8
82784	Barbalha	CE	216,4	191,9	198,4	206,1	224,9	240,0	252,4	281,8	276,4	268,9	256,4	234,4	2848,0
82777	Campos Sales	CE	189,3	146,4	170,5	191,1	240,4	246,3	263,2	296,4	273,2	267,2	240,6	214,9	2739,5
82583	Crateús	CE	191,5	178,6	167,9	172,5	204,0	228,3	253,3	281,8	265,0	263,2	238,4	224,4	2668,9
82397	Fortaleza	CE	225,2	182,3	150,0	157,1	208,4	238,7	268,3	295,9	281,6	291,4	282,2	262,3	2843,4
82487	Guaramiranga	CE	164,0	116,1	83,0	101,0	137,0	149,7	186,4	229,1	205,1	208,9	201,8	190,6	1972,5
82686	Iguatu	CE	218,8	194,4	203,0	197,5	247,1	235,5	264,1	284,1	307,0	280,8	266,7	234,0	2933,0
82493	Jaguaruana	CE	255,3	194,4	180,4	198,9	220,7	231,8	249,5	280,5	280,1	296,8	285,7	275,1	2949,2
82588	Morada Nova	CE	232,6	203,1	206,3	217,6	233,5	248,9	259,0	279,9	282,7	297,0	279,2	262,7	3002,5
82586	Quixeramobim	CE	218,2	194,0	195,2	178,0	210,7	211,5	242,5	274,9	266,9	272,3	259,7	236,8	2760,7
82392	Sobral	CE	188,1	159,5	155,0	151,7	189,3	205,4	234,7	268,2	251,4	258,9	241,1	221,9	2525,2
82683	Tauá	CE	174,1	153,8	148,3	162,3	200,5	220,5	229,0	271,8	257,3	257,8	235,1	204,5	2515,0
83377	Brasília	DF	154,4	157,5	180,9	201,1	234,3	253,4	266,5	262,9	203,2	168,2	142,5	138,1	2363,0
83038*	Aracruz	ES	226,0	204,2	216,5	190,9	190,5	182,5	183,3	187,8	150,6	171,0	172,5	187,5	2263,3
83646	Cachoeiro do Itapemirim	ES	249,2	209,0	236,8	190,9	202,3	196,5	204,5	202,5	159,6	151,9	152,6	188,0	2343,8
83597	Linhares	ES	229,9	212,8	202,0	192,6	207,6	189,7	194,2	186,2	134,4	139,0	145,7	173,9	2208,0
83550*	São Mateus	ES	192,9	180,6	180,6	185,3	184,1	158,6	169,6	175,4	123,4	110,6	110,2	150,9	1922,2
83045*	Venda Nova	ES	174,9	169,0	162,1	171,4	170,0	164,7	177,7	173,4	133,4	141,3	115,9	122,7	1876,5
83648	Vitória	ES	239,2	230,6	229,5	209,4	206,8	191,6	193,1	213,3	165,0	152,8	152,9	184,2	2368,4
83368	Aragarças	GO	148,0	153,8	181,0	217,3	250,6	256,5	257,5	228,5	153,2	193,5	159,4	140,5	2339,8
83526	Catalão	GO	174,7	171,1	200,0	222,4	248,6	247,5	264,6	262,0	207,5	193,0	181,4	154,3	2527,1
83379	Formosa	GO	156,8	163,0	187,2	216,0	243,1	245,9	260,6	267,1	213,4	181,5	151,5	119,9	2406,0
83423	Goiânia	GO	183,8	156,9	203,1	229,0	249,7	269,0	286,8	281,2	212,3	188,2	174,2	172,6	2606,7
83374	Goiás	GO	138,0	151,5	173,2	201,1	231,7	248,6	258,5	238,6	156,3	190,5	154,3	143,6	2285,9
83522	Ipameri	GO	173,3	170,7	196,1	214,7	236,7	237,1	255,9	246,9	186,8	172,2	175,5	152,4	2418,3
83464*	Jataí	GO	152,4	152,6	160,5	197,7	214,5	216,1	235,5	210,9	167,5	192,4	167,4	143,9	2211,4
83467	Mineiros	GO	137,2	127,5	165,3	195,7	202,3	197,3	240,9	217,5	151,7	181,1	151,5	133,5	2101,5
83376	Pirenópolis	GO	133,2	146,2	176,3	211,0	241,7	244,8	271,9	258,1	179,0	190,6	150,8	122,4	2326,0
83332	Posse	GO	152,2	161,6	182,1	209,6	247,6	259,6	261,3	276,0	214,7	180,9	144,4	140,8	2430,8
83470	Rio Verde	GO	159,7	172,0	180,3	211,7	236,9	238,6	268,0	244,2	172,0	189,2	156,9	149,4	2378,9
82970	Alto Parnaíba	MA	142,7	133,7	155,1	188,4	258,4	265,0	286,2	290,9	243,6	184,9	165,7	153,6	2468,2
82460	Bacabal	MA	137,9	130,7	128,0	122,8	200,4	241,3	251,6	252,6	219,2	181,0	171,9	166,9	2204,3
82768	Balsas	MA	134,7	115,2	133,7	176,3	245,5	263,3	284,4	283,2	238,2	166,3	139,2	119,0	2299,0
82571	Barra do Corda	MA	144,1	126,4	133,5	155,6	211,3	249,2	257,7	242,6	191,4	161,8	155,2	148,4	2177,2
82765	Carolina	MA	135,5	121,3	134,5	163,3	246,2	277,4	286,9	278,9	201,9	156,2	151,1	146,0	2299,2
82476	Caxias	MA	170,1	155,5	159,2	172,0	213,4	254,9	281,6	288,2	269,1	245,8	210,9	196,1	2616,8
82382	Chapadinha	MA	177,6	163,1	149,0	157,9	219,8	247,2	269,9	293,1	277,5	262,8	234,0	204,7	2656,6
82676	Colinas	MA	139,3	112,8	120,0	154,2	225,1	259,2	283,1	271,8	221,4	179,8	159,3	135,8	2261,8
82568	Grajaú	MA	140,8	124,3	134,4	163,4	215,5	246,9	265,6	253,7	206,1	160,0	147,0	143,3	2201,0
82564	Imperatriz	MA	140,8	125,3	126,0	168,8	235,6	265,8	274,9	241,9	167,0	141,9	141,5	141,5	2171,0
82280	São Luís	MA	152,6	113,7	107,2	113,7	162,6	213,1	237,6	260,3	249,9	251,8	244,1	206,3	2312,9
82198	Turiaçu	MA	154,0	117,1	109,8	113,0	148,3	190,9	218,7	251,2	245,7	242,2	226,8	206,8	2224,5
82376	Zé Doca	MA	147,6	123,6	132,6	140,2	208,3	232,2	251,8	246,7	238,4	212,2	191,1	186,8	2311,5
83595*	Aimorés	MG	177,8	211,5	211,9	199,2	200,4	190,3	193,3	204,0	154,8	155,3	163,2	173,8	2235,5
83442	Araçuaí	MG	214,1	205,8	200,4	179,0	183,6	172,5	190,4	222,8	167,5	166,7	157,2	176,2	2236,2
83579	Araxá	MG	171,7	177,3	191,6	216,5	230,3	231,2	255,5	251,2	201,0	204,8	176,0	143,3	2450,4
83384	Arinos	MG	166,1	189,5	197,3	212,8	219,5	224,5	257,0	256,6	214,5	204,7	141,4	142,5	2426,4
83582	Bambuí	MG	167,3	175,6	186,5	192,5	225,3	223,2	253,8	234,3	175,3	181,1	163,3	136,3	2314,5
83689	Barbacena	MG	183,7	183,8	186,1	183,2	193,8	190,4	201,9	212,4	169,3	157,4	156,3	143,6	2161,9
83587	Belo Horizonte	MG	189,8	195,5	215,1	228,9	237,1	240,1	256,5	255,6	210,1	184,9	184,0	171,7	2569,3
83681*	Caldas (P. de Caldas)	MG	159,5	150,5	186,1	211,5	208,9	205,8	215,7	245,4	195,4	-	-	158,2	-
83685	Cambuquira	MG	187,6	177,3	199,8	218,0	236,6	227,2	244,6	243,1	192,6	170,8	172,8	158,2	2428,6
83639*	Caparaó	MG	178,6	194,9	192,7	183,6	184,8	186,0	200,1	192,6	160,4	151,6	165,1	163,7	2154,1
83514	Capinópolis	MG	216,6	186,2	199,3	236,8	251,6	263,3	273,9	255,1	204,3	224,9	202,4	184,9	2699,3
83592	Caratinga	MG	205,7	215,1	211,6	197,3	203,1	189,8	200,0	202,2	190,8	161,0	156,0	162,4	2295,0
83027	Cataguases	MG	194,0	171,7	205,2	189,3	198,0	187,3	191,1	200,8	155,6	138,3	150,6	174,8	2156,7
83589	Conceição do Mato Dentro	MG	180,5	175,2	200,2	178,4	192,3	180,3	193,7	214,1	163,1	142,9	141,3	150,8	2112,8
83037	Coronel Pacheco	MG	173,2	185,5	181,8	177,2	182,7	167,3	185,6	192,5	147,4	139,8	135,0	139,0	2007,0
83536	Curvelo	MG	179,0	170,6	183,6	206,8	223,9	214,4	230,6	227,8	188,4	177,7	157,3	139,6	2299,7
83538	Diamantina	MG	195,3	167,1	202,6	196,1	213,1	209,2	239,7	255,7	212,3	180,1	154,6	164,6	2390,4
83338	Espinosa	MG	212,2	221,9	237,8	234,6	247,0	248,9	269,0	279,1	246,8	216,7	187,8	207,9	2809,7
83581	Florestal	MG	179,7	173,6	213,7	218,4	231,3	227,7	244,7	246,2	203,1	170,1	162,4	154,1	2425,0
83334	Formoso	MG	137,3	138,2	153,8	176,5	193,1	160,5	177,7	195,8	150,5	158,8	131,3	102,0	1875,5
83543	Governador Valadares	MG	191,8	189,9	204,4	182,1	182,3	168,7	172,4	188,1	135,3	118,7	129,9	159,1	2022,7
83632	Ibirité	MG	172,7	173,0	174,2	184,7	201,0	204,3	219,3	214,1	191,1	170,1	159,2	145,6	2209,3
83590	Itabira	MG	194,4	185,6	185,9	172,3	177,6	173,1	190,7	186,8	157,1	152,7	127,6	135,2	2039,0
83488	Itamarandiba	MG	182,7	186,0	183,2	178,8	183,7	174,3	182,2	192,4	148,6	146,0	121,6	135,9	2015,4
83386	Januária	MG	213,9	212,8	242,5	242,1	253,4	240,5	272,4	279,2	242,6	223,5	187,5	175,9	2786,3
83591	João Monlevade	MG	171,0	165,8	188,7	182,5	188,0	185,4	196,9	208,2	158,1	134,5	128,5	134,1	2041,7
83481	João Pinheiro	MG	190,2	203,0	207,0	236,7	260,0	254,0	272,9	252,3	219,4	217,5	189,3	167,7	2670,0
83692	Juiz de Fora	MG	141,7	161,2	153,8	162,3	169,4	165,5	187,5	181,9	119,4	115,4	135,0	130,6	1823,7
83687	Lavras	MG	187,9	191,8	205,5	219,2	222,2	219,5	245,3	247,6	202,6	198,6	181,0	162,2	2483,4
83023	Lavras-ESAL.	MG	187,8	188,5	208,4	214,9	224,7	217,0	237,4	251,2	210,5	180,2	185,3	164,8	2470,7
83683	Machado	MG	161,4	166,1	171,0	186,3	196,5	184,7	205,2	214,8	165,6	158,4	161,1	148,2	2119,3
83389	Mocambinho 	MG	170,0	200,6	214,1	227,5	245,0	254,0	272,9	277,0	224,9	217,1	154,4	178,8	2636,3
83388	Monte Azul	MG	213,7	206,0	238,3	231,9	248,5	242,3	259,3	281,3	241,5	210,1	174,8	182,5	2730,2
83437	Montes Claros	MG	209,2	212,8	220,6	239,8	238,2	245,3	258,0	270,0	227,6	197,3	161,8	163,6	2644,2
83637	Oliveira	MG	206,8	199,3	219,7	216,8	242,3	240,5	256,2	264,9	215,8	187,4	182,8	187,8	2620,3
83479	Paracatu	MG	164,4	160,9	181,7	195,2	208,4	213,6	240,9	201,5	155,7	166,5	152,1	135,6	2176,5
83737	Passa Quatro	MG	181,8	170,2	210,5	221,1	234,1	209,2	226,8	245,4	-	182,4	198,6	173,0	-
83531	Patos de Minas	MG	158,1	173,6	205,8	226,8	241,2	249,5	260,7	264,3	213,5	179,7	161,8	145,0	2480,0
83393	Pedra Azul	MG	239,4	216,3	225,6	196,1	199,0	185,8	192,9	207,5	179,4	170,9	154,3	176,9	2344,1
83483	Pirapora	MG	201,7	207,3	240,5	243,3	269,4	267,1	276,8	284,2	229,4	217,4	203,6	154,4	2795,1
83570	Pompeu	MG	216,1	204,5	221,8	230,6	224,0	201,1	231,7	211,4	187,4	204,7	174,7	176,6	2484,6
83441	Salinas	MG	169,8	178,0	195,9	157,6	165,5	153,1	162,3	205,7	166,6	165,6	148,6	158,6	2027,3
83688	São João del-Rei	MG	187,0	161,7	190,5	185,3	202,1	186,4	215,8	216,7	175,6	151,0	163,2	150,0	2185,3
83736	São Lourenço	MG	190,6	174,7	213,8	199,8	200,2	183,8	218,3	227,9	197,0	189,4	189,2	168,1	2352,8
83586	Sete Lagoas	MG	195,7	205,9	217,0	240,1	258,3	263,3	273,5	277,6	224,7	194,7	183,4	169,7	2703,9
83492	Teófilo Otoni	MG	200,4	191,0	192,6	174,8	175,6	153,5	162,9	170,6	148,5	140,4	136,9	153,5	2000,7
83577	Uberaba	MG	193,4	186,9	218,2	231,6	252,6	254,5	274,7	280,4	230,1	230,4	217,1	171,6	2741,5
83428*	Unaí	MG	180,0	182,2	194,4	212,2	237,7	225,1	230,2	232,5	201,5	199,2	153,3	123,5	2371,8
83594	Usiminas	MG	149,3	157,4	172,4	174,3	146,3	144,1	177,9	149,4	130,8	137,2	141,7	120,2	1801,0
83642	Viçosa	MG	194,8	188,5	195,4	198,7	207,5	182,0	234,0	224,0	154,7	146,6	151,0	150,0	2227,2
83611	Campo Grande	MS	214,7	180,7	201,5	226,2	224,8	208,3	257,8	227,2	170,5	225,7	228,9	209,8	2576,1
83552*	Corumbá 	MS	222,8	189,3	205,6	214,1	213,8	194,5	244,9	200,3	184,5	228,2	232,0	212,2	2542,2
83512	Coxim	MS	175,8	184,0	187,4	205,6	216,0	217,3	246,8	205,9	145,1	212,0	190,8	183,4	2370,1
83659	Dourados	MS	206,6	199,9	216,3	214,0	197,0	188,1	207,2	190,8	168,6	215,1	218,2	211,3	2433,1
83704	Ivinhema	MS	205,3	207,6	220,0	214,3	205,8	203,8	211,1	199,4	171,1	209,4	213,0	200,0	2460,8
83565	Paranaíba	MS	201,0	201,9	226,0	232,9	242,5	232,1	267,2	247,1	191,8	232,0	222,8	189,6	2686,9
83702	Ponta Porã	MS	206,0	199,6	210,2	218,4	205,0	178,9	212,1	184,2	161,4	210,7	221,0	207,0	2414,5
83618	Três Lagoas	MS	211,9	207,9	232,3	239,3	208,3	214,3	243,0	220,4	178,1	230,7	223,2	192,3	2601,7
83405	Cáceres	MT	148,0	132,9	146,3	169,0	184,3	197,6	227,3	186,3	129,5	155,8	146,6	143,0	1966,6
83361	Cuiabá	MT	171,1	157,5	193,2	212,3	233,0	235,5	247,1	230,1	190,6	216,5	196,3	182,1	2465,3
83309	Diamantino	MT	147,3	142,2	164,1	187,6	217,0	223,9	263,5	218,6	163,9	189,6	152,6	137,2	2207,5
83264	Gleba Celeste	MT	115,7	112,7	124,2	163,9	217,2	246,2	254,2	215,7	151,4	157,8	115,0	107,2	1981,2
82353	Altamira	PA	101,2	80,6	92,7	101,8	144,2	164,8	207,2	205,8	164,4	134,3	93,2	98,4	1588,6
82741	Alto Tapajós	PA	104,9	93,0	116,8	124,6	171,6	218,0	260,0	239,9	171,3	163,4	123,8	116,5	1903,8
82191	Belém	PA	139,4	102,5	103,6	121,9	181,6	225,9	252,4	263,5	230,5	233,4	204,6	182,3	2241,6
82246	Belterra	PA	158,2	122,4	128,7	127,8	156,7	188,2	228,8	251,2	240,4	232,0	203,4	179,3	2217,1
82188	Breves	PA	130,5	96,9	103,3	114,9	178,2	207,0	253,0	263,3	233,9	235,1	199,9	186,9	2202,9
82263	Cametá	PA	171,1	132,6	156,0	173,2	209,4	239,1	264,9	278,4	257,9	251,4	204,9	190,0	2528,9
82861	Conceição do Araguaia	PA	149,5	127,9	136,1	158,3	227,4	263,0	282,6	223,8	158,1	157,2	152,4	134,9	2171,2
82445	Itaituba	PA	135,6	101,4	123,6	130,2	171,8	212,3	244,4	226,4	192,7	181,4	158,5	121,6	1999,9
82562	Marabá	PA	129,2	116,9	141,6	161,2	199,4	227,7	248,7	198,9	122,3	106,9	111,9	119,4	1884,1
82181	Monte Alegre	PA	158,9	121,0	127,9	134,3	165,9	189,9	233,8	249,2	237,2	240,4	207,1	184,2	2249,8
82178	Óbidos	PA	148,1	108,2	111,8	129,2	165,0	192,8	210,2	244,8	234,2	206,9	187,2	149,6	2088,0
82184	Porto de Moz	PA	127,8	103,2	118,8	129,6	168,6	191,2	228,1	254,7	243,1	221,9	168,5	146,6	2102,1
82243	Santarém (Taperinha)	PA	143,2	108,5	111,1	125,5	139,9	167,1	205,1	234,4	218,6	222,4	189,5	166,3	2031,6
82668	São Félix do Xingu	PA	82,3	68,6	81,6	105,6	151,0	184,4	209,4	145,3	125,7	116,9	106,8	88,8	1466,4
82141	Soure	PA	143,0	95,6	99,3	114,9	152,8	215,4	251,1	262,9	262,6	262,4	237,7	218,4	2316,1
82194	Tracuateua (Desativada)	PA	147,1	101,3	95,3	100,0	142,1	174,2	205,3	244,3	248,4	256,9	244,7	197,6	2157,2
82145	Tracuateua (Operante)	PA	146,6	99,8	94,1	103,8	144,1	171,7	205,3	236,9	247,5	255,1	242,9	194,6	2142,4
82361	Tucuruí	PA	137,1	120,3	135,9	152,1	204,5	240,2	243,4	232,4	170,5	154,0	119,9	130,1	2040,4
82795	Campina Grande	PB	238,9	203,0	203,0	173,6	175,4	151,1	148,0	197,5	206,6	246,8	243,5	232,3	2419,7
82798	João Pessoa	PB	244,2	219,1	206,9	181,5	193,9	180,7	190,5	230,1	235,1	266,2	272,7	274,2	2695,1
82792	Monteiro	PB	239,3	225,4	215,1	194,1	196,1	185,2	192,9	241,4	247,8	253,4	271,0	253,6	2715,3
82689	São Gonçalo	PB	263,3	218,3	239,8	239,1	253,9	245,8	268,4	297,6	289,4	296,5	287,6	276,4	3176,1
82890	Arcoverde	PE	246,1	209,4	227,8	217,3	204,2	177,0	195,8	258,3	250,5	294,0	261,7	255,4	2797,5
82886	Cabrobó	PE	241,4	204,5	207,2	199,9	200,1	192,1	196,7	226,6	244,6	270,5	269,7	247,1	2700,4
82887	Floresta	PE	245,9	220,3	223,4	210,9	202,2	175,9	196,4	252,9	245,1	284,2	278,9	258,5	2794,6
82893	Garanhuns	PE	222,9	199,9	198,0	175,1	166,4	140,3	141,5	180,7	185,1	247,0	253,2	248,4	2358,5
82983	Petrolina	PE	238,5	217,4	224,4	217,7	232,0	221,4	233,5	263,5	263,1	257,5	253,7	237,9	2860,6
82900	Recife (Curado)	PE	246,3	210,8	203,9	185,2	186,6	168,3	157,6	207,1	216,6	247,3	265,8	255,2	2550,7
82797	Surubim	PE	249,6	214,7	198,9	188,6	192,4	172,7	143,6	193,4	218,4	257,2	254,7	252,1	2536,3
82789	Triunfo	PE	244,1	219,2	203,7	199,4	199,1	187,1	197,4	258,2	259,0	283,5	268,6	258,8	2778,1
82975	Bom Jesus do Piauí	PI	185,8	160,2	162,6	211,3	268,4	281,0	298,4	308,6	269,4	223,9	200,8	187,2	2757,6
82678	Floriano	PI	156,5	134,3	167,1	194,4	249,2	262,4	292,2	281,6	262,8	221,2	196,3	166,8	2584,8
82684	Morro dos Cavalos	PI	189,5	162,2	186,3	218,2	257,4	271,1	284,6	319,0	286,9	264,2	239,7	222,2	2901,3
82287	Parnaíba	PI	209,5	166,4	172,0	198,5	221,2	255,6	281,8	309,7	299,3	303,1	289,8	249,3	2956,2
82780	Picos	PI	176,8	161,8	188,5	210,8	250,3	259,5	272,5	293,5	283,9	276,1	247,7	220,6	2842,0
82578	Teresina	PI	185,9	151,0	167,8	175,9	243,2	264,1	296,7	314,6	282,0	266,6	232,6	201,3	2781,7
83783	Campo Mourão	PR	211,6	187,0	207,3	207,6	180,6	174,8	207,9	193,6	166,1	204,0	219,4	208,9	2368,8
83813	Castro	PR	170,1	145,8	166,2	157,1	167,1	151,4	172,3	157,2	131,1	155,8	173,3	161,6	1909,0
83842	Curitiba	PR	184,4	160,8	172,0	164,2	178,3	160,2	173,4	175,4	134,1	155,5	177,0	170,9	2006,2
83826	Foz do lguaçu	PR	230,5	196,3	209,9	193,6	180,8	151,2	168,7	157,9	146,4	195,6	231,4	232,3	2294,6
83775	Guaíra	PR	216,0	188,5	207,1	200,9	178,1	160,8	182,2	162,1	142,8	194,9	213,5	204,5	2251,4
83836	Irati	PR	169,2	155,1	157,8	162,3	165,3	153,7	164,9	160,4	137,4	166,5	182,1	172,4	1947,1
83769	Jacarezinho	PR	196,0	190,6	222,7	222,8	211,9	199,9	227,6	222,4	180,2	214,2	215,3	190,5	2494,1
83766	Londrina	PR	193,1	190,0	216,2	229,8	217,4	209,0	232,5	223,7	176,6	183,8	194,5	197,9	2464,5
83767	Maringá	PR	213,9	193,0	226,3	204,5	189,6	188,6	213,9	203,8	170,1	223,3	227,4	216,8	2471,2
83844	Paranaguá	PR	142,7	133,4	131,3	135,0	142,4	129,9	127,4	109,1	73,0	91,7	107,4	126,0	1449,3
83837	Ponta Grossa	PR	197,1	171,7	183,6	190,4	200,5	170,5	196,0	198,1	157,7	167,4	191,9	192,7	2217,6
83867	Rio Negro	PR	164,6	159,2	156,3	151,8	144,2	140,9	157,4	145,0	118,9	151,4	173,1	175,8	1838,6
83025	São Mateus do Sul	PR	173,0	148,6	157,7	147,1	150,2	132,5	148,5	147,3	114,8	132,6	170,6	180,1	1803,0
83788	Angra dos Reis	RJ	173,5	176,1	171,6	146,5	159,5	147,3	159,9	149,0	120,2	121,1	128,2	128,8	1781,7
83752	Barreirinha	RJ	162,9	154,3	170,8	160,2	184,6	170,2	184,5	189,1	158,3	129,6	149,9	136,8	1951,2
83719	Cabo Frio (Alcalis)	RJ	239,8	235,2	227,8	197,7	214,3	201,1	218,5	203,7	158,2	179,1	189,6	201,6	2466,6
83698	Campos 	RJ	231,3	214,8	225,4	205,8	213,6	188,3	199,8	214,2	156,9	148,2	167,5	190,1	2355,9
83718	Cordeiro	RJ	194,0	190,6	201,7	168,8	179,2	173,9	192,7	196,6	136,0	126,1	138,4	138,7	2036,7
83741	Ecologia Agrícola	RJ	205,9	190,0	207,4	189,0	200,0	192,1	204,0	198,4	153,7	145,6	164,2	169,2	2219,5
83758	Ilha Guaíba	RJ	183,6	186,2	185,0	168,9	183,5	181,5	197,5	177,8	135,1	140,0	147,9	144,6	2031,6
83695	Itaperuna	RJ	222,9	215,2	215,1	192,2	195,6	187,8	194,1	195,5	158,2	158,5	172,2	178,9	2286,2
83745	Nova Friburgo	RJ	153,2	136,6	157,3	133,2	158,7	132,0	149,1	166,1	139,4	97,3	109,2	143,5	1675,6
83754	Pinheiral	RJ	189,0	172,0	199,3	-	179,1	175,1	189,0	194,6	167,9	144,9	169,8	160,0	-
83757	Piraí	RJ	160,7	177,3	158,3	142,2	147,0	141,6	158,8	143,9	117,8	131,1	129,5	136,9	1745,1
83738	Resende	RJ	171,9	156,5	178,0	157,2	178,5	167,7	191,7	186,3	142,8	134,0	145,4	144,1	1954,1
83743	Rio de Janeiro	RJ	211,9	201,3	206,4	181,0	186,3	175,1	188,6	184,8	146,2	152,1	168,5	179,6	2181,8
83696	Santa Maria Madalena	RJ	179,4	174,1	192,5	163,0	153,2	138,3	148,4	176,6	144,6	129,3	134,0	149,7	1883,1
83802	São Bento (Duque de Caxias)	RJ	190,3	178,9	187,7	161,7	168,9	148,3	161,8	164,1	138,6	134,4	142,6	164,9	1942,2
83806	Teresópolis - P. Nacional	RJ	159,7	152,6	162,9	151,1	163,7	158,9	169,4	180,4	144,5	117,0	118,2	137,8	1816,2
83742	Vassouras	RJ	185,8	186,6	192,5	168,7	179,0	170,6	184,4	184,4	140,8	144,8	150,3	158,2	2046,1
82590	Apodí	RN	245,9	212,2	222,1	212,5	243,0	237,6	247,6	283,2	283,5	302,5	283,6	267,4	3041,1
82596	Ceará Mirim	RN	254,7	205,6	198,9	190,2	193,8	189,1	192,8	235,6	248,2	269,3	279,9	262,9	2721,0
82693	Cruzeta	RN	238,6	216,8	200,8	211,1	228,2	215,5	216,2	255,1	272,8	290,7	290,2	257,4	2893,4
82691	Florânia	RN	218,4	183,6	197,0	198,5	214,8	200,9	215,1	259,4	260,6	272,3	243,3	236,1	2700,0
82594	Macau	RN	229,2	196,5	188,0	202,1	202,3	206,0	210,5	248,8	252,3	277,8	249,6	222,5	2685,6
82591*	Mossoró	RN	231,7	194,4	186,4	190,3	217,1	211,3	228,3	269,1	271,7	290,3	281,0	256,5	2828,1
82598	Natal	RN	276,9	235,1	225,9	194,8	216,1	204,3	217,0	247,1	256,8	299,9	300,3	294,2	2968,4
82825	Porto Velho	RO	107,1	98,3	124,0	140,1	183,7	226,7	259,7	234,0	186,8	166,7	137,1	124,2	1988,4
82024	Boa Vista	RR	177,8	148,2	142,4	129,2	138,3	93,5	136,6	155,3	200,7	204,8	195,8	173,5	1896,1
82042*	Caracaraí	RR	192,7	164,1	171,1	148,3	126,1	105,2	151,7	181,1	173,0	209,3	202,7	188,8	2014,1
83931	Alegrete	RS	273,4	247,1	232,8	207,5	196,3	155,1	164,7	185,2	186,6	239,9	276,1	296,4	2661,1
83980	Bagé	RS	242,4	198,1	194,6	168,4	161,7	115,9	137,7	134,5	149,1	201,9	220,7	256,9	2181,9
83919	Bom Jesus	RS	194,7	172,5	183,9	162,3	153,2	130,6	143,0	138,8	140,7	188,2	191,5	140,7	1940,1
83942	Caxias do Sul	RS	208,3	185,8	183,9	185,1	165,6	146,6	154,2	141,9	142,3	180,9	199,7	212,1	2106,4
83964	Encruzilhada do Sul	RS	232,5	196,1	191,8	174,1	166,6	142,8	157,6	155,5	152,8	188,6	222,5	248,7	2229,6
83881	Iraí	RS	240,7	199,6	198,7	183,1	171,6	141,2	150,8	157,0	146,3	201,0	216,5	253,1	2259,6
83914	Passo Fundo	RS	238,8	208,1	207,0	185,2	181,1	153,7	162,6	161,1	154,9	202,3	220,6	254,2	2329,6
83967	Porto Alegre	RS	239,0	208,1	200,7	180,3	166,1	136,0	148,6	151,1	151,2	201,9	216,6	245,2	2244,8
83995	Rio Grande	RS	266,5	214,1	210,5	192,3	175,1	126,6	135,8	156,5	153,7	209,4	228,2	269,6	2338,3
83936	Santa Maria	RS	225,2	196,7	184,9	168,7	151,3	125,0	133,1	141,4	160,7	206,8	223,3	244,7	2161,8
83997	Santa Vitória do Palmar	RS	268,0	216,0	214,9	196,9	175,3	143,6	144,7	163,1	164,5	209,5	237,6	263,2	2397,3
83907	São Luiz Gonzaga	RS	238,1	205,2	217,0	206,8	182,7	142,9	161,4	160,3	160,8	207,4	214,7	246,8	2344,1
83948	Torres	RS	206,2	182,6	187,9	190,5	179,7	151,9	163,0	157,8	151,2	180,2	203,9	222,2	2177,1
83927	Uruguaiana	RS	276,3	237,6	228,5	211,0	186,8	140,8	162,5	181,4	185,9	242,8	266,1	290,5	2610,2
83887	Campos Novos	SC	216,0	203,9	205,5	198,4	192,7	160,4	174,2	166,4	171,8	210,5	226,5	234,0	2360,3
83883	Chapecó	SC	228,6	198,3	222,3	188,9	184,3	159,8	176,3	168,4	165,0	211,7	229,3	237,6	2370,5
83897	Florianópolis	SC	201,1	185,1	194,1	195,1	185,0	163,2	169,5	152,6	129,4	159,1	173,9	188,7	2096,8
83872	Indaial	SC	178,6	161,2	164,2	159,5	153,8	138,2	139,5	121,5	110,7	137,6	149,4	152,2	1766,4
83891	Lages	SC	208,8	184,7	173,6	165,6	177,9	147,0	153,8	161,9	128,6	165,3	197,2	223,9	2088,3
83924	Laguna	SC	202,7	176,7	179,5	184,4	191,2	156,3	168,0	163,3	129,2	168,1	191,7	220,7	2131,8
83864	Porto União	SC	135,4	133,1	132,7	132,3	117,8	104,2	106,7	113,3	112,2	135,8	155,3	141,3	1520,1
83920	São Joaquim	SC	138,3	127,4	143,5	150,2	139,9	123,0	146,3	111,4	129,7	157,5	152,9	154,1	1674,2
83096	Aracaju	SE	264,1	224,3	234,1	210,6	205,0	176,7	200,7	221,9	218,5	250,6	262,9	251,6	2721,0
83195	Itabaianinha	SE	196,6	156,5	164,2	160,7	163,5	152,9	165,9	174,0	151,3	198,9	195,6	193,5	2073,6
83097	Propriá	SE	228,7	193,3	199,9	173,8	171,2	153,1	160,8	187,0	196,8	222,6	229,3	225,4	2341,9
83672	Araçatuba	SP	214,6	208,2	229,9	243,3	233,0	225,6	244,8	253,8	200,3	226,4	236,9	197,6	2714,4
83625	Barretos	SP	207,5	191,2	226,9	248,3	258,9	246,6	268,8	266,2	220,2	207,9	228,9	189,9	2761,3
83729	Campinas	SP	195,7	195,5	221,3	237,2	237,0	223,8	252,6	247,6	203,8	214,5	-	176,6	-
83714	Campos do Jordão	SP	135,3	118,2	150,9	167,2	181,8	176,7	203,7	199,2	160,6	147,3	136,4	117,0	1894,3
83676	Catanduva	SP	204,7	191,2	224,8	244,9	242,0	239,8	259,7	258,7	213,8	222,5	234,5	202,7	2739,3
83626	Colina	SP	210,2	196,4	229,9	249,1	261,9	245,5	258,3	256,0	211,2	204,3	226,5	201,7	2751,0
83760	Coop. Agrícola de Cotia	SP	172,0	-	182,9	187,4	190,6	167,1	186,8	196,6	166,2	146,2	168,8	156,1	-
83204	Fazenda Ipanema (Est. Desativada)	SP	194,1	172,2	213,7	230,5	226,1	200,0	227,1	235,7	204,7	191,9	215,6	192,8	2504,4
83630	Franca	SP	172,4	171,4	197,2	213,3	237,5	238,2	262,5	248,8	195,9	201,8	191,3	165,2	2495,5
83821	Iguape	SP	162,0	143,5	139,3	129,7	140,6	119,9	121,5	100,0	72,3	100,6	126,5	142,7	1498,6
83774	Itapeva	SP	198,0	179,7	191,3	183,0	185,4	174,4	205,8	196,2	163,5	200,2	186,6	177,8	2241,9
83716	Presidente Prudente	SP	203,6	193,6	220,6	230,4	214,1	198,5	229,0	216,8	172,8	212,7	227,1	194,5	2513,7
83782	Santos	SP	155,8	149,4	153,8	144,9	158,7	141,3	153,0	136,3	88,3	107,8	132,3	134,3	1655,9
83726	São Carlos	SP	183,2	182,3	199,5	197,8	215,2	206,4	237,2	223,7	184,1	210,7	190,3	154,3	2384,7
83809	São José dos Campos	SP	180,2	151,3	179,2	179,3	176,4	180,4	189,4	198,6	156,8	148,4	165,1	163,4	2068,5
83781	São Paulo (Mir. de Santana)	SP	170,6	162,2	167,1	165,8	182,3	172,6	187,1	175,3	152,6	153,9	163,0	150,8	2003,3
83669	São Simão	SP	191,1	179,9	217,6	237,3	240,1	234,4	251,8	253,3	206,0	204,1	200,9	171,5	2588,0
83784	Taubaté	SP	170,0	168,2	179,5	177,3	176,1	175,6	188,9	186,2	158,8	148,8	161,5	155,0	2045,9
83857	Tremembé	SP	158,5	146,2	161,8	168,8	166,7	163,9	188,4	187,1	154,8	148,9	161,2	142,2	1948,5
83786	Ubatuba	SP	149,1	148,0	156,2	143,1	149,7	157,0	156,8	143,4	108,9	104,3	124,1	129,5	1670,1
83629	Usina Junqueira	SP	183,8	154,5	214,6	239,2	249,3	237,6	255,9	257,9	209,9	181,7	213,8	177,9	2576,1
83623	Votuporanga	SP	187,1	198,5	198,3	218,7	194,7	222,0	249,2	232,7	199,8	225,4	220,9	184,5	2531,8
83033*	Palmas	TO	186,4	159,1	168,8	236,8	246,4	197,2	196,9	192,5	151,4	168,9	184,7	204,0	2293,1
82863	Pedro Afonso	TO	148,8	135,2	155,9	194,9	250,1	264,0	280,4	273,7	199,5	171,5	159,6	144,5	2378,1
83228	Peixe	TO	155,2	142,1	161,6	205,5	255,5	277,3	294,1	283,8	191,3	178,1	162,3	144,9	2451,7
83064	Porto Nacional	TO	152,7	130,0	146,3	186,7	263,5	276,1	300,7	291,0	208,1	172,3	166,9	153,0	2447,3
83235	Taguatinga	TO	154,2	141,6	170,3	196,8	240,1	244,5	268,0	258,3	209,7	169,2	146,6	139,3	2338,6
