#------------------------------------------------------------------------------------------
# dados metereológicos da estação da Embrapa Agropecuária Oeste, Dourados - MS
# temp - Temperatura média(ºC)
# tmax - temperatura máxima(ºC)
# htmax - Hora da temperatura máxima
# tmin - Temperatura mínima(ºC)
# htmin - Hora da temperatura mínima
# urel - Umidade relativa(%)
# urmax - Umidade relativa máxima(%)
# hurma - Hora umidade relativa máxima
# urmin - Umidade relativa mínima(%)
# hurmin - Hora umidade relativa mínima
# vento2 - Velocidade do vento a 2 m(m/s)
# precipt- Chuva(mm)
# dpv - Direção predominante do vento
#------------------------------------------------------------------------------------------
DATA	TEMP	TMAX	HTMAX	TMIN	HTMIN	UREL	URMAX	HURMA	URMIN	HURMIN	VENTO2	PRECIPT	RADIA	DPV
2009-10-01	21.3	30.2	1317	15.9	2355	74	91	251	52	1333	1.77	0.0	12.9	SE
2009-10-02	21.4	30.4	1553	14.0	327	61	80	2358	40	1548	1.08	0.0	14.2	SE
2009-10-03	25.8	34.6	1441	15.4	418	62	91	423	35	1448	0.92	0.0	14.3	NE
2009-10-04	29.0	36.1	1431	21.6	537	60	88	544	33	1505	1.75	0.0	14.7	NE
2009-10-05	29.1	36.1	1354	22.8	528	58	84	538	34	1258	3.05	0.0	15.1	N
2009-10-06	26.2	35.1	1258	19.9	2341	70	97	0	39	1400	2.68	2.0	12.9	N
2009-10-07	21.9	26.0	1456	19.7	430	86	98	32	64	1453	1.19	1.0	4.0	SW
2009-10-08	23.0	28.6	1352	19.0	346	82	99	355	56	1614	1.28	0.0	12.1	S
2009-10-09	23.3	29.6	1457	19.0	56	75	99	122	48	1446	1.16	0.0	13.1	E
2009-10-10	24.0	30.8	1446	17.5	526	66	91	528	41	1434	2.08	0.0	16.1	NE
2009-10-11	28.1	36.2	1411	20.0	520	61	82	525	40	1412	3.51	0.0	14.0	N
2009-10-12	19.6	28.3	4	15.6	548	83	98	537	59	1544	1.94	36.3	7.8	S
2009-10-13	22.0	29.6	1536	13.0	503	72	100	519	42	1538	0.91	0.0	16.6	NE
2009-10-14	27.7	34.8	1345	20.6	318	69	95	357	43	1346	2.57	0.0	15.2	N
2009-10-15	23.8	26.7	153	20.3	2354	86	100	1020	72	152	1.88	12.9	8.4	NE
2009-10-16	22.8	28.6	1353	19.8	331	90	99	337	71	1353	1.21	3.3	8.1	E
2009-10-17	23.8	31.4	1219	21.2	2259	92	100	1902	65	1201	1.19	42.2	10.4	NE
2009-10-18	24.3	28.8	1406	20.8	658	90	100	234	70	1450	1.29	0.3	9.7	NE
2009-10-19	21.1	24.3	128	19.7	1741	98	100	657	88	141	1.45	117.1	0.5	NE
2009-10-20	22.5	27.2	1523	18.5	521	89	100	0	68	1431	0.80	0.3	10.1	E
2009-10-21	26.3	33.7	1531	21.1	2144	79	96	422	49	1510	1.90	0.0	15.5	N
2009-10-22	24.0	30.1	1359	19.2	217	93	100	0	82	1454	1.96	13.6	10.8	S
2009-10-23	27.0	36.3	1434	20.1	232	72	95	529	40	1453	1.32	0.0	15.8	N
2009-10-24	25.5	34.9	1322	20.0	1858	79	97	2357	43	1323	2.37	4.1	11.7	E
2009-10-25	23.0	26.2	1112	19.3	216	90	100	340	72	1059	0.70	8.6	5.1	E
2009-10-26	24.7	28.9	1233	22.4	2347	90	100	0	70	1211	0.87	0.0	8.0	E
2009-10-27	27.9	31.4	1326	24.2	2358	72	93	757	57	1329	1.68	0.0	10.7	NE
2009-10-28	25.6	31.4	1437	20.7	458	74	89	505	53	1429	1.32	0.0	14.7	NE
2009-10-29	26.1	33.0	1444	20.4	502	68	93	519	38	1548	0.97	0.0	15.5	NE
2009-10-30	28.7	34.3	1434	18.2	443	52	74	2323	24	1504	1.27	0.0	15.6	NE
2009-10-31	27.2	34.2	1506	17.8	500	61	93	527	33	1155	1.09	0.0	15.5	NE
2009-11-01	29.6	36.5	1528	22.9	523	56	79	521	30	1410	1.41	0.0	15.4	NE
2009-11-02	30.5	36.7	1454	23.4	526	58	80	0	37	1404	1.69	0.0	15.9	E
2009-11-03	30.0	37.2	1504	24.2	458	64	89	501	31	1433	1.33	0.0	16.6	E
2009-11-04	29.4	35.5	1308	23.1	2147	64	91	2048	42	1250	2.50	8.4	16.1	SE
2009-11-05	25.3	30.7	1249	22.2	1830	86	100	2155	60	1306	2.67	40.4	10.0	SE
2009-11-06	25.2	31.9	1430	22.1	129	87	99	0	58	1457	2.64	11.4	9.6	E
2009-11-07	25.8	31.2	1303	23.0	519	82	96	1903	57	1536	3.22	1.3	9.2	SE
2009-11-08	23.9	26.4	1627	22.2	928	93	99	2243	79	1709	1.62	15.5	4.3	SE
2009-11-09	26.5	31.6	1344	22.2	149	84	99	453	59	1426	1.07	0.5	12.2	E
2009-11-10	27.0	34.9	1336	22.1	2331	80	98	0	48	1340	2.01	0.0	13.0	E
2009-11-11	24.5	32.7	1130	21.0	332	89	100	408	54	1320	1.61	15.0	11.6	NE
2009-11-12	26.4	33.4	1413	20.5	422	83	100	337	55	1428	0.96	0.0	11.9	E
2009-11-13	29.5	35.2	1422	24.0	436	73	98	525	46	1458	1.21	0.0	14.1	NE
2009-11-14	29.5	36.6	1332	22.9	2234	72	98	2355	45	1305	1.78	9.4	15.6	NE
2009-11-15	27.4	35.0	1352	22.3	2346	78	98	4	45	1352	2.37	0.3	11.6	E
2009-11-16	24.6	31.0	1134	21.8	359	89	99	1932	64	1137	1.23	15.8	9.0	E
2009-11-17	27.3	32.5	1500	22.6	240	81	99	56	62	1455	1.49	0.0	10.8	NE
2009-11-18	30.2	36.9	1528	24.3	359	67	91	347	39	1533	2.10	0.0	15.9	NE
2009-11-19	30.6	37.0	1401	24.9	414	65	85	514	40	1511	2.17	0.0	15.4	SE
2009-11-20	26.9	33.2	1112	21.7	1237	80	95	2353	56	1105	1.91	12.2	8.7	E
2009-11-21	27.6	33.8	1504	23.4	45	79	96	507	55	1447	2.63	0.0	11.5	NE
2009-11-22	27.7	35.1	1404	21.8	2230	76	95	317	47	1351	2.74	0.0	12.3	E
2009-11-23	28.8	35.2	1427	21.4	437	72	97	456	46	1540	2.26	0.0	12.9	SE
2009-11-24	28.8	34.7	1221	24.5	439	73	92	358	49	1253	2.12	0.0	9.6	E
2009-11-25	29.3	36.2	1513	22.8	2106	71	95	2218	40	1450	1.71	9.1	15.5	SE
2009-11-26	25.9	32.2	1035	22.6	412	87	98	514	64	1035	1.16	27.7	7.5	E
2009-11-27	24.2	30.0	1133	22.7	2315	95	100	1312	73	1150	1.19	72.4	4.7	SE
2009-11-28	27.3	33.5	1358	22.9	441	82	100	0	56	1359	2.15	0.5	13.5	N
2009-11-29	27.9	34.6	1414	23.2	402	81	98	504	53	1339	2.08	0.0	11.8	W
2009-11-30	25.8	29.6	939	23.2	1152	84	95	510	68	1012	2.00	0.0	6.9	W
2009-12-01	25.3	32.4	1146	22.3	506	90	100	1617	61	1212	2.35	21.8	8.4	NW
2009-12-02	28.0	33.9	1452	22.0	232	78	100	59	53	1340	2.18	0.2	16.3	E
2009-12-03	24.0	25.9	1640	22.4	2359	83	92	2348	73	1557	0.65	0.0	3.0	NE
2009-12-04	22.6	30.8	1339	21.0	1944	88	94	1555	53	1337	0.67	62.6	9.7	S
2009-12-05	24.1	29.2	1529	19.8	452	72	87	459	53	1338	1.14	0.0	12.0	S
2009-12-06	25.2	32.2	1500	20.5	2319	76	95	2153	48	1503	1.37	61.2	11.1	SE
2009-12-07	25.2	30.7	1428	20.3	450	81	95	515	54	1419	0.72	5.6	11.2	SE
2009-12-08	26.5	32.6	1320	21.1	501	74	94	454	47	1452	0.63	0.0	14.1	S
2009-12-09	26.2	31.1	1436	22.2	452	74	90	506	52	1432	0.95	0.0	11.8	S
2009-12-10	26.3	31.2	1522	22.2	453	75	92	242	53	1457	0.99	0.0	12.0	S
2009-12-11	25.7	31.1	1339	23.0	2349	78	91	1413	51	1329	2.47	8.2	10.7	SE
2009-12-12	22.8	26.5	1515	19.3	2359	86	95	651	68	1529	2.31	25.4	5.7	NE
2009-12-13	22.0	28.2	1618	16.8	451	71	93	453	42	1611	1.38	0.0	16.3	N
2009-12-14	24.6	32.4	1458	17.1	449	67	90	511	35	1533	0.62	0.0	13.6	SE
2009-12-15	26.7	31.6	1641	21.5	438	72	93	432	46	1606	0.94	0.0	15.7	S
2009-12-16	25.6	33.9	1439	20.1	1610	74	93	511	39	1433	1.74	32.3	14.3	SE
2009-12-17	25.3	31.8	1307	20.1	450	76	93	453	48	1247	0.98	0.2	12.6	SE
2009-12-18	25.9	32.5	1251	21.9	511	73	91	2338	43	1420	0.89	0.0	13.8	SE
2009-12-19	26.0	32.3	1455	22.0	325	74	92	8	45	1446	1.15	0.0	14.1	SE
2009-12-20	27.2	33.6	1340	21.5	448	71	94	434	42	1313	0.85	0.0	15.4	SE
2009-12-21	24.8	31.3	934	22.4	1058	85	93	2122	59	923	0.71	9.0	5.6	SE
2009-12-22	25.2	32.3	1403	21.6	428	81	94	2326	48	1422	1.24	8.6	12.2	SE
2009-12-23	26.5	33.0	1513	21.6	402	76	95	418	45	1518	1.30	0.2	15.4	SE
2009-12-24	27.8	33.1	1357	23.3	454	70	91	16	45	1418	1.65	0.0	16.4	SE
2009-12-25	25.4	32.3	1249	22.0	1615	81	94	1636	51	1249	1.84	3.0	9.5	SE
2009-12-26	23.8	30.1	934	21.7	517	90	96	2226	66	935	1.02	33.6	6.2	SE
2009-12-27	23.8	27.6	1543	21.8	909	90	96	1013	72	1700	0.58	19.6	4.0	SE
2009-12-28	26.2	30.0	1421	22.2	454	81	96	504	62	1432	1.63	0.0	10.0	E
2009-12-29	26.0	29.7	1629	23.7	522	82	91	524	68	1539	1.86	0.0	9.1	SE
2009-12-30	26.2	31.4	1153	21.7	2020	80	96	2353	55	1542	2.41	23.2	12.7	E
2009-12-31	24.2	27.6	1607	21.4	48	89	97	833	70	1608	0.43	23.8	5.4	SE
2010-01-01	24.9	28.8	1537	22.8	329	87	96	406	65	1533	1.31	32.4	8.0	SE
2010-01-02	24.7	28.5	1325	22.2	1644	88	96	2032	71	1426	1.20	10.4	5.9	SE
2010-01-03	26.2	31.5	1523	22.4	304	80	94	0	54	1542	1.92	0.6	13.9	E
2010-01-04	27.8	33.8	1455	22.8	445	70	93	451	44	1530	1.52	0.0	17.5	NE
2010-01-05	28.7	34.2	1413	22.6	324	67	92	342	42	1440	1.40	0.0	17.4	NE
2010-01-06	27.8	34.4	1421	23.5	521	72	92	2314	43	1354	1.31	2.8	13.4	NE
2010-01-07	26.2	33.6	1402	22.2	509	78	94	519	47	1313	0.86	15.4	12.0	NE
2010-01-08	26.8	32.7	1525	22.4	155	78	95	424	49	1526	0.90	0.0	12.8	SE
2010-01-09	25.1	31.1	1329	22.8	1559	87	97	2107	53	1339	1.12	43.4	9.9	E
2010-01-10	23.6	26.9	1412	22.8	327	92	96	334	80	1423	1.31	16.8	4.3	E
2010-01-11	24.3	29.2	1439	22.0	456	87	95	22	63	1440	2.34	5.8	9.8	NE
2010-01-12	24.1	29.0	1344	22.3	159	87	93	212	67	1345	2.77	3.4	9.1	NE
2010-01-13	22.2	24.2	1641	20.3	609	90	96	733	76	1710	0.89	19.6	4.0	NE
2010-01-14	24.8	30.9	1535	19.2	519	79	96	615	50	1540	0.75	0.0	13.7	W
2010-01-15	25.7	32.2	1528	20.5	511	77	94	2350	51	1527	0.86	8.4	11.1	S
2010-01-16	25.1	30.5	1243	22.1	234	85	96	130	60	1249	1.35	4.4	8.7	E
2010-01-17	26.3	32.5	1516	23.1	453	82	95	528	51	1503	1.69	1.0	12.5	E
2010-01-18	26.4	33.4	1449	22.8	537	80	96	549	50	1441	1.89	0.0	12.8	E
2010-01-19	27.3	33.9	1410	23.2	506	74	90	510	46	1507	2.13	0.0	14.0	E
2010-01-20	22.9	25.8	906	20.6	1100	88	96	1142	77	50	1.24	32.2	2.8	S
2010-01-21	24.2	30.4	1353	19.3	253	74	97	634	44	1555	1.18	0.0	14.9	NW
2010-01-22	24.7	31.4	1547	18.1	517	67	91	534	34	1611	0.85	0.0	14.5	NW
2010-01-23	25.6	31.8	1552	18.4	510	69	89	510	40	1654	0.83	0.0	13.3	SW
2010-01-24	24.5	31.7	1533	20.0	2359	79	94	2327	47	1526	0.93	5.0	10.8	SE
2010-01-25	24.5	31.1	1210	19.0	435	79	96	540	48	1159	0.72	2.4	12.1	S
2010-01-26	25.1	31.4	1417	20.0	449	78	96	548	49	1417	0.71	0.0	12.0	S
2010-01-27	24.4	31.4	1113	21.1	2358	81	94	600	55	1114	1.10	0.0	8.7	SW
2010-01-28	25.3	31.3	1458	21.0	109	79	94	143	51	1340	0.87	0.4	11.8	E
2010-01-29	26.3	34.0	1446	21.6	423	75	97	643	36	1432	1.19	0.2	14.3	E
2010-01-30	24.9	32.6	1215	21.6	2359	81	94	514	53	1243	1.56	0.0	11.4	E
2010-01-31	25.4	33.0	1410	20.8	413	78	95	442	45	1403	1.51	0.0	15.1	E
2010-02-01	27.1	34.0	1557	22.0	307	71	94	431	37	1557	1.45	0.6	14.8	E
2010-02-02	28.5	34.8	1440	23.3	217	65	88	211	38	1502	1.37	0.0	16.5	E
2010-02-03	29.5	36.3	1326	23.0	447	60	87	451	35	1325	1.77	0.0	16.6	E
2010-02-04	29.4	36.2	1534	23.9	430	63	84	2241	36	1535	1.49	0.0	15.3	E
2010-02-05	30.1	37.0	1454	22.9	534	60	89	542	32	1643	1.14	0.0	16.0	E
2010-02-06	29.6	36.2	1529	23.0	534	62	87	525	32	1455	1.20	0.0	14.7	NE
2010-02-07	28.7	35.8	1616	23.8	326	68	92	331	34	1627	1.36	0.0	12.5	NE
2010-02-08	27.0	36.1	1519	21.4	1713	72	94	1650	36	1518	1.86	42.4	14.7	NE
2010-02-09	24.3	31.0	1305	22.1	11	87	94	1949	59	1308	1.07	7.0	7.1	E
2010-02-10	24.9	31.4	1428	22.1	212	84	94	218	54	1425	1.73	1.4	11.0	E
2010-02-11	25.4	31.3	1516	21.9	1908	81	96	2023	48	1516	1.21	13.8	11.1	S
2010-02-12	23.6	28.8	1234	20.6	1914	88	95	47	63	1316	1.73	18.8	8.2	SE
2010-02-13	23.8	28.7	1443	21.2	115	86	96	150	68	1443	1.58	12.0	8.0	E
2010-02-14	23.6	28.7	1334	21.3	417	87	96	317	67	1340	1.28	15.0	8.4	E
2010-02-15	24.0	29.0	1256	21.8	117	88	96	323	66	1219	1.24	0.6	5.0	E
2010-02-16	24.0	30.7	1334	21.1	0	90	96	2223	58	1336	1.47	36.4	7.6	NE
2010-02-17	22.4	25.8	1543	20.9	549	89	96	39	69	1544	1.28	14.8	4.5	NE
2010-02-18	25.4	32.6	1341	20.8	430	80	95	443	48	1341	0.79	0.0	12.8	E
2010-02-19	27.2	33.7	1603	22.6	322	75	97	414	43	1438	1.26	0.0	12.9	SE
2010-02-20	28.1	34.3	1400	23.1	500	72	93	457	43	1348	1.34	0.0	14.5	E
2010-02-21	26.7	32.0	1630	23.2	750	76	94	808	44	1400	1.02	1.2	8.9	E
2010-02-22	27.1	33.9	1212	22.0	527	73	96	550	43	1249	1.12	0.6	11.3	NE
2010-02-23	28.5	34.7	1310	23.0	445	65	87	446	38	1241	1.39	0.2	13.5	NE
2010-02-24	27.6	35.6	1403	21.9	2353	71	94	555	34	1254	1.84	0.0	14.9	N
2010-02-25	26.0	31.8	1342	21.5	150	76	95	304	46	1640	1.32	0.0	10.4	W
2010-02-26	25.6	30.6	1534	21.9	504	74	91	233	53	1412	1.37	0.0	11.4	S
2010-02-27	25.3	31.4	1428	22.1	2358	75	91	2356	47	1428	1.29	0.0	11.3	S
2010-02-28	24.4	29.5	1256	21.1	526	81	93	448	59	1443	1.63	0.0	9.1	SW
2010-03-01	24.3	28.9	1547	20.6	558	76	93	602	52	1630	1.19	0.0	8.3	S
2010-03-02	24.9	31.6	1438	19.4	536	65	87	104	38	1555	1.27	0.0	14.9	S
2010-03-03	25.6	32.8	1423	20.0	514	66	90	518	35	1424	0.86	0.0	13.4	S
2010-03-04	26.7	34.2	1503	19.9	330	62	91	329	29	1410	0.92	0.0	13.7	S
2010-03-05	27.2	34.9	1316	20.8	444	63	90	442	32	1417	1.35	0.0	13.6	W
2010-03-06	26.0	34.6	1356	18.8	2356	59	97	456	22	1426	1.25	0.0	14.5	SW
2010-03-07	24.2	32.5	1419	16.4	503	49	74	634	23	1553	1.40	0.0	14.5	W
2010-03-08	25.1	34.2	1438	16.6	546	55	86	546	22	1537	1.51	0.0	13.5	N
2010-03-09	25.8	35.4	1444	17.4	553	53	86	555	18	1609	1.55	0.0	13.8	NW
2010-03-10	26.5	36.4	1509	17.6	510	50	82	509	19	1556	1.66	0.0	13.7	NW
2010-03-11	26.6	36.1	1448	19.9	354	56	84	356	21	1416	1.68	0.0	13.1	NW
2010-03-12	27.0	35.4	1456	18.6	603	54	86	605	24	1457	0.80	0.0	13.4	NW
2010-03-13	28.7	36.7	1408	21.8	442	58	81	553	30	1431	1.70	0.0	11.3	NE
2010-03-14	27.4	36.1	1352	20.3	2359	67	94	534	34	1352	2.50	1.0	12.9	NE
2010-03-15	22.3	25.9	1523	19.5	606	85	96	715	67	1644	1.37	31.2	1.9	SE
2010-03-16	25.4	33.0	1424	20.5	436	76	96	610	43	1525	1.09	0.0	12.4	SE
2010-03-17	25.4	32.0	1529	20.4	149	73	96	431	42	1511	1.29	0.0	12.6	SE
2010-03-18	26.7	33.4	1435	21.2	552	66	87	552	39	1548	1.13	0.0	11.7	SE
2010-03-19	28.4	35.6	1553	22.1	441	61	83	441	33	1541	1.30	0.0	12.9	E
2010-03-20	26.9	35.5	1243	22.1	512	72	95	2150	32	1125	1.55	4.2	10.4	N
2010-03-21	25.4	33.0	1139	21.0	603	81	96	615	50	1210	1.51	0.4	9.1	E
2010-03-22	27.8	34.5	1335	21.4	548	68	95	553	36	1445	2.22	0.0	12.7	NE
2010-03-23	25.3	33.1	1346	20.3	2007	79	96	2349	46	1347	2.53	21.6	8.5	NE
2010-03-24	24.1	30.4	1436	20.5	543	81	96	0	51	1433	1.31	2.8	8.3	W
2010-03-25	25.9	32.7	1506	20.9	543	77	97	639	43	1440	1.08	0.0	9.7	W
2010-03-26	25.5	32.2	1306	22.5	207	79	94	246	48	1301	0.96	0.0	10.6	SE
2010-03-27	24.5	31.7	1351	21.0	2359	84	97	648	47	1354	0.82	30.2	8.3	S
2010-03-28	24.8	31.4	1518	21.0	136	81	97	725	47	1519	0.76	0.0	6.8	SW
2010-03-29	25.2	33.6	1305	19.6	458	73	97	716	32	1239	0.84	0.0	9.9	NW
2010-03-30	25.6	33.9	1157	20.1	447	72	94	521	36	1227	0.76	0.0	9.1	N
2010-03-31	26.3	34.1	1329	21.0	606	69	94	610	35	1313	0.89	0.0	10.5	SE
2010-04-01	25.1	32.2	1225	21.1	558	77	95	617	52	1231	0.99	0.0	8.2	SE
2010-04-02	23.3	29.2	1441	20.5	555	82	96	616	53	1458	1.01	0.2	7.4	SE
2010-04-03	24.5	31.2	1506	21.4	31	81	95	2348	48	1521	0.87	0.0	9.3	SE
2010-04-04	25.1	31.2	1518	19.6	559	74	97	607	44	1546	1.06	0.2	11.0	SW
2010-04-05	21.4	23.7	1221	18.4	2359	82	91	353	73	1531	2.68	0.0	3.2	W
2010-04-06	20.2	26.5	1339	14.8	2315	70	94	616	35	1457	1.58	0.0	10.6	SW
2010-04-07	18.7	26.3	1425	13.0	521	64	94	540	28	1236	0.97	0.0	11.1	SW
2010-04-08	19.1	26.2	1353	12.6	603	62	94	316	34	1510	0.85	0.0	8.2	SW
2010-04-09	19.4	26.7	1355	11.3	526	60	90	530	29	1349	1.09	0.0	10.4	SW
2010-04-10	20.8	26.2	1620	15.2	1647	56	67	2241	33	1616	0.62	0.0	10.2	S
2010-04-11	20.8	29.3	1327	14.1	451	59	81	558	27	1410	1.02	0.0	10.6	SE
2010-04-12	22.2	29.7	1441	15.9	328	68	88	454	38	1336	1.10	0.0	12.4	SE
2010-04-13	23.2	31.1	1404	15.7	517	65	93	622	34	1409	1.07	0.0	12.9	S
2010-04-14	22.8	31.0	1402	15.4	600	54	82	638	23	1420	0.75	0.0	10.3	SE
2010-04-15	23.2	31.4	1349	15.3	551	57	89	606	26	1242	0.77	0.0	9.7	SE
2010-04-16	23.4	31.5	1257	16.0	551	60	95	605	29	1420	0.66	0.0	9.7	SE
2010-04-17	25.1	34.1	1335	16.9	620	53	82	622	26	1355	1.35	0.0	9.7	SE
2010-04-18	25.8	33.4	1321	19.1	430	63	88	433	37	1355	0.99	0.0	9.7	SE
2010-04-19	26.8	34.9	1426	17.7	504	60	92	528	32	1600	1.01	0.0	12.1	E
2010-04-20	26.8	34.8	1502	19.9	542	55	78	547	30	1503	1.09	0.0	9.0	E
2010-04-21	27.5	34.6	1453	21.5	507	62	82	345	35	1230	1.72	0.0	7.7	NE
2010-04-22	28.6	35.2	1303	23.1	524	63	84	526	37	1158	2.92	0.0	9.4	NE
2010-04-23	23.4	30.2	1028	19.4	2359	84	96	2013	61	1028	2.55	7.4	4.6	N
2010-04-24	22.6	28.1	1557	19.3	614	88	97	546	68	1512	0.74	0.2	4.8	S
2010-04-25	23.9	32.1	1230	20.7	542	86	96	600	54	1230	0.86	9.6	5.8	E
2010-04-26	21.9	27.5	911	18.9	2318	90	96	624	71	911	1.62	7.2	3.4	NW
2010-04-27	20.5	25.4	1554	18.1	737	82	95	311	59	1525	0.83	0.0	6.5	W
2010-04-28	22.4	28.5	1357	18.6	154	79	95	2359	56	1405	0.52	0.0	6.8	SW
2010-04-29	21.6	25.2	1510	19.4	350	88	96	446	74	1533	0.89	0.0	4.5	SW
2010-04-30	22.4	27.1	1542	19.8	2341	83	95	2349	63	1417	0.48	0.0	5.5	S
2010-05-01	23.2	29.9	1454	17.5	512	76	97	556	45	1552	0.44	0.0	8.1	SE
2010-05-02	24.1	30.1	1414	19.0	531	65	87	536	43	1328	1.21	0.0	8.9	SE
2010-05-03	20.6	27.7	1112	17.1	538	76	97	1859	43	1112	1.71	10.6	3.8	E
2010-05-04	20.2	25.3	1413	15.6	0	79	97	547	47	1434	1.07	0.0	8.5	NW
2010-05-05	19.7	26.6	1517	13.2	557	78	96	645	48	1522	0.70	0.0	8.9	E
2010-05-06	23.5	31.4	1430	17.0	431	71	92	338	45	1325	1.02	0.0	8.2	E
2010-05-07	21.6	24.2	1412	19.8	1002	86	97	1014	78	1153	1.56	19.0	2.0	NE
2010-05-08	17.7	21.0	111	13.7	2359	85	94	559	77	1532	2.61	1.0	2.8	W
2010-05-09	14.8	20.9	1417	10.5	2240	71	91	432	37	1441	2.59	0.0	10.3	W
2010-05-10	13.4	21.1	1449	6.7	440	78	95	631	48	1450	1.36	0.0	6.4	W
2010-05-11	13.0	20.0	1332	7.9	602	71	95	645	33	1444	2.09	0.0	8.5	NW
2010-05-12	12.3	20.2	1456	6.3	504	76	95	535	37	1339	1.56	0.0	8.8	NW
2010-05-13	14.5	22.5	1545	7.2	408	75	96	454	43	1531	0.52	0.0	8.4	SW
2010-05-14	17.6	25.3	1405	10.1	511	68	96	649	34	1519	1.44	0.0	8.3	SE
2010-05-15	20.4	26.9	1227	12.9	548	62	88	551	36	1208	0.98	0.0	6.4	SE
2010-05-16	22.6	29.2	1525	15.6	533	70	91	557	45	1401	0.62	0.0	6.1	N
2010-05-17	19.2	24.7	1047	13.9	2356	87	96	2350	59	1052	1.70	33.2	2.4	SW
2010-05-18	13.2	18.6	1359	8.2	2243	83	100	155	52	1251	2.56	31.6	6.7	N
2010-05-19	13.9	21.0	1447	7.6	611	77	95	629	46	1406	1.38	0.0	9.2	NW
2010-05-20	14.3	21.0	1506	9.7	418	81	96	630	52	1357	0.54	0.0	8.1	SW
2010-05-21	15.5	23.2	1354	7.9	547	78	96	606	45	1316	0.38	0.0	8.5	S
2010-05-22	17.8	25.0	1413	10.9	514	76	96	519	45	1435	0.71	0.0	8.1	SE
2010-05-23	19.8	25.7	1431	14.0	246	74	92	636	46	1502	1.19	0.0	7.0	SE
2010-05-24	17.6	19.8	0	16.7	705	92	97	2312	70	1	1.24	62.4	0.6	SE
2010-05-25	18.7	24.2	1429	16.0	2343	87	97	746	60	1513	0.35	0.0	6.1	SW
2010-05-26	19.3	25.6	1447	13.3	523	81	97	529	55	1359	0.60	0.0	8.6	S
2010-05-27	19.2	25.2	1429	14.8	617	79	96	651	55	1520	0.81	0.0	8.2	S
2010-05-28	18.2	24.4	1417	12.9	622	77	93	154	51	1246	0.81	0.0	8.0	SE
2010-05-29	20.0	26.9	1414	13.6	608	74	95	631	49	1405	0.83	0.0	6.9	SE
2010-05-30	18.0	21.7	1043	12.3	2359	82	94	1342	64	327	2.06	3.6	1.7	NW
2010-05-31	12.8	15.5	1441	9.2	618	82	93	628	70	1433	1.47	0.0	2.9	SW
2010-06-01	14.0	21.8	1413	6.4	423	76	96	531	46	1546	0.60	0.0	8.4	SW
2010-06-02	16.9	22.6	1431	11.7	640	74	93	652	49	1424	0.86	0.0	7.3	SE
2010-06-03	19.1	24.3	1447	14.3	418	75	91	454	52	1448	1.14	0.0	6.4	SE
2010-06-04	18.9	22.1	1151	16.3	2358	87	95	2304	74	125	1.85	1.4	2.0	NW
2010-06-05	15.8	20.6	1326	8.9	0	73	95	43	42	1329	1.92	0.0	9.1	W
2010-06-06	12.0	19.7	1358	4.8	600	75	96	733	39	1334	0.54	0.0	7.4	W
2010-06-07	16.0	23.7	1425	7.8	320	68	95	238	40	1302	0.71	0.0	6.8	SE
2010-06-08	18.9	25.7	1425	14.9	628	66	86	705	35	1359	0.40	0.0	5.6	SE
2010-06-09	18.6	24.2	1337	15.6	2305	67	84	719	41	1321	0.46	0.0	5.2	SE
2010-06-10	18.5	23.9	1303	14.6	0	75	93	2310	46	1302	0.19	0.0	4.4	S
2010-06-11	18.1	25.0	1422	12.7	642	76	96	723	47	1251	0.84	0.0	7.1	SE
2010-06-12	16.8	22.9	1417	11.9	610	71	88	532	45	1543	1.51	0.0	7.5	SE
2010-06-13	16.1	22.8	1458	10.6	608	72	92	629	46	1500	0.92	0.0	7.4	SE
2010-06-14	18.8	27.4	1517	11.3	607	69	94	618	42	1445	1.28	0.0	7.3	SE
2010-06-15	21.4	29.2	1351	14.2	316	63	87	250	36	1324	1.04	0.0	7.0	SE
2010-06-16	21.9	30.1	1402	13.8	629	60	86	609	33	1527	1.36	0.0	6.9	E
2010-06-17	23.2	31.1	1330	15.4	431	57	86	444	31	1313	1.43	0.0	6.8	NE
2010-06-18	23.4	31.2	1346	15.7	639	53	79	640	30	1428	1.85	0.0	6.6	E
2010-06-19	23.3	31.4	1332	14.2	634	57	86	652	31	1300	1.69	0.0	6.6	NE
2010-06-20	24.8	32.1	1313	17.8	645	59	91	2358	36	1315	1.92	0.0	6.7	NE
2010-06-21	23.3	29.9	1445	18.6	355	81	97	915	52	1433	0.91	0.6	5.3	NE
2010-06-22	20.1	25.0	1446	16.9	634	85	96	404	64	1415	1.05	0.0	5.9	SW
2010-06-23	21.0	27.0	1404	16.6	435	83	97	819	62	1449	1.45	0.0	5.0	SE
2010-06-24	22.8	31.8	1330	16.8	357	60	93	444	21	1306	1.86	0.0	7.1	E
2010-06-25	23.3	32.3	1408	15.1	607	54	79	609	25	1315	0.71	0.0	6.7	E
2010-06-26	22.7	29.9	1339	17.0	516	52	80	517	23	1503	1.16	0.0	7.0	SE
2010-06-27	22.1	29.5	1456	13.2	624	58	88	627	32	1459	0.92	0.0	7.0	SE
2010-06-28	21.0	28.7	1429	14.8	633	66	96	2354	30	1255	1.06	0.0	7.6	W
2010-06-29	19.1	25.4	1417	15.6	139	74	97	412	40	1442	1.08	0.0	6.5	S
2010-06-30	19.6	28.3	1340	12.0	652	69	95	704	35	1444	0.47	0.0	7.1	SE
2010-07-01	20.4	28.7	1400	13.0	649	59	95	702	28	1504	0.86	0.0	7.4	SE
2010-07-02	21.1	29.6	1356	15.4	622	50	69	652	26	1442	1.09	0.0	7.2	SE
2010-07-03	20.7	29.3	1406	11.8	546	56	87	615	31	1517	0.72	0.0	7.3	SE
2010-07-04	21.6	29.3	1403	15.1	645	53	80	646	27	1522	1.57	0.0	7.3	SE
2010-07-05	22.3	30.6	1435	16.0	604	50	75	616	24	1449	1.89	0.0	7.3	SE
2010-07-06	22.3	30.9	1413	13.0	559	48	84	548	24	1413	1.36	0.0	7.3	SE
2010-07-07	22.3	32.0	1324	13.7	643	49	79	647	20	1441	1.15	0.0	6.6	E
2010-07-08	23.2	31.2	1401	15.8	242	48	76	243	22	1400	0.86	0.0	6.9	E
2010-07-09	22.5	29.5	1332	16.9	2351	52	92	2327	27	1143	1.65	0.8	5.3	SE
2010-07-10	19.4	26.1	1523	13.9	625	78	97	720	47	1534	0.66	0.0	5.5	SW
2010-07-11	21.6	28.5	1454	16.9	139	67	88	144	39	1401	0.99	0.0	6.8	SE
2010-07-12	20.9	31.4	1234	8.7	2359	62	91	1843	29	1232	2.96	0.4	5.3	NE
2010-07-13	9.3	11.4	1340	7.6	530	63	86	1	46	1315	2.63	0.0	2.2	W
2010-07-14	9.8	13.1	1548	7.7	522	55	70	2113	36	1626	1.51	0.0	2.6	W
2010-07-15	8.4	9.9	19	7.1	945	85	96	2348	62	26	1.87	28.2	1.0	W
2010-07-16	8.4	9.5	1309	7.8	812	95	96	732	89	1311	2.27	17.4	1.2	W
2010-07-17	11.2	15.1	1324	8.6	0	95	97	2144	85	1246	1.48	0.0	2.0	NW
2010-07-18	10.4	12.5	1742	8.2	629	96	97	321	90	1523	1.33	0.4	2.3	NW
2010-07-19	10.7	17.0	1403	7.4	2359	84	97	335	58	1404	1.86	0.0	5.1	NW
2010-07-20	14.5	22.1	1530	7.2	104	81	97	703	56	1423	1.05	0.0	7.3	SE
2010-07-21	23.2	32.3	1350	15.3	538	61	91	545	26	1316	2.08	0.0	7.5	E
2010-07-22	20.1	28.8	1351	13.7	613	76	96	655	43	1338	1.46	0.0	7.0	NW
2010-07-23	14.9	16.9	1525	13.3	702	92	96	2336	84	1303	1.13	3.4	2.2	SW
2010-07-24	20.8	31.1	1503	11.9	548	63	97	734	23	1556	1.62	0.0	8.3	E
2010-07-25	21.5	31.6	1513	12.0	517	51	86	2119	19	1434	1.80	0.0	7.8	E
2010-07-26	15.9	22.4	1434	11.1	528	65	89	300	47	1503	1.86	0.0	7.1	W
2010-07-27	18.7	28.0	1451	10.7	358	56	77	2359	28	1454	0.63	0.0	7.9	S
2010-07-28	20.7	29.1	1424	13.7	608	62	93	612	29	1601	0.98	0.0	8.4	SE
2010-07-29	22.0	30.7	1510	13.3	639	53	85	634	24	1600	0.84	0.0	8.4	SE
2010-07-30	22.9	31.3	1413	15.1	413	50	80	414	26	1500	1.40	0.0	7.0	E
2010-07-31	24.6	32.7	1347	15.0	450	47	79	450	23	1332	2.24	0.0	7.2	NE
2010-08-01	15.7	20.0	0	13.6	1756	92	97	1403	74	0	1.78	24.6	1.2	W
2010-08-02	13.6	16.4	1216	10.7	630	83	95	1525	66	1030	1.12	11.2	3.1	W
2010-08-03	12.7	16.8	1342	9.4	2254	73	88	0	53	1606	2.42	0.0	4.2	W
2010-08-04	9.8	11.8	1659	6.1	2359	72	91	2358	64	1243	2.69	0.0	2.3	W
2010-08-05	8.4	16.0	1536	4.5	229	77	96	802	31	1458	1.55	0.0	6.9	W
2010-08-06	13.1	23.5	1546	2.7	524	67	96	656	31	1440	0.52	0.0	8.9	SE
2010-08-07	17.8	26.7	1444	9.8	628	63	95	639	30	1544	0.75	0.0	8.7	SE
2010-08-08	20.6	30.6	1535	10.4	625	52	86	647	22	1516	0.89	0.0	8.5	E
2010-08-09	20.4	31.0	1524	12.6	611	64	93	525	22	1442	1.03	0.0	8.6	S
2010-08-10	21.2	30.2	1445	12.8	517	60	94	610	25	1430	1.02	0.0	8.3	S
2010-08-11	21.3	28.8	1505	14.2	616	57	88	624	30	1454	1.77	0.0	8.6	SE
2010-08-12	24.0	32.8	1236	16.5	625	40	73	624	15	1310	2.92	0.0	7.4	E
2010-08-13	15.2	21.4	0	9.2	2359	57	76	2100	30	1443	3.29	0.0	7.6	W
2010-08-14	11.8	19.5	1433	6.2	421	61	84	428	32	1539	2.78	0.0	9.7	W
2010-08-15	11.9	21.3	1450	3.0	513	59	92	525	22	1503	1.07	0.0	10.6	W
2010-08-16	15.0	22.9	1419	8.4	155	52	79	424	27	1603	1.65	0.0	9.4	SE
2010-08-17	17.1	25.9	1444	7.9	615	49	85	624	20	1512	1.61	0.0	9.6	SE
2010-08-18	19.3	28.9	1508	10.0	533	46	73	602	22	1432	1.22	0.0	8.9	SE
2010-08-19	20.4	30.6	1435	10.9	604	47	77	606	18	1453	0.84	0.0	8.3	SE
2010-08-20	21.2	30.6	1329	12.4	510	45	80	706	17	1258	0.69	0.0	7.3	SE
2010-08-21	21.9	31.0	1311	12.6	625	39	72	627	17	1416	0.98	0.0	8.3	SE
2010-08-22	24.1	34.0	1439	13.6	618	31	62	652	12	1447	1.62	0.0	9.4	SE
2010-08-23	24.9	35.5	1428	13.7	602	32	63	602	12	1355	1.62	0.0	9.1	E
2010-08-24	26.0	35.6	1336	16.1	638	32	60	655	13	1336	1.17	0.0	8.3	NE
2010-08-25	25.9	35.5	1417	15.1	445	37	75	431	13	1423	1.04	0.0	8.2	NE
2010-08-26	25.6	35.5	1421	15.9	607	35	72	625	11	1423	0.95	0.0	8.8	E
2010-08-27	25.8	35.5	1310	15.4	557	30	62	659	9	1313	0.93	0.0	9.4	SE
2010-08-28	25.7	35.8	1427	14.4	606	29	65	603	8	1320	1.06	0.0	9.6	E
2010-08-29	25.5	36.1	1329	15.8	634	31	60	702	8	1415	0.73	0.0	8.2	SE
2010-08-30	25.4	35.1	1425	17.0	610	36	66	732	13	1437	1.06	0.0	8.6	SE
2010-08-31	26.0	34.6	1447	18.5	534	40	69	630	19	1506	1.83	0.0	8.9	SE
2010-09-01	27.6	35.4	1432	20.6	126	36	51	2347	21	1514	1.91	0.0	8.0	E
2010-09-02	26.3	34.5	1414	16.2	2358	51	86	2358	22	1135	1.67	0.0	8.2	W
2010-09-03	22.7	35.0	1415	13.8	534	62	94	539	19	1348	1.62	0.0	9.8	NW
2010-09-04	17.1	23.6	1404	13.2	601	57	89	512	26	1501	3.21	0.0	9.2	W
2010-09-05	15.9	22.8	1532	8.9	548	55	82	629	30	1350	2.24	0.0	9.4	W
2010-09-06	17.5	22.7	1458	13.1	322	67	81	2341	49	1500	1.44	0.4	4.1	W
2010-09-07	20.3	27.9	1407	13.7	558	63	89	602	35	1407	1.13	0.0	9.5	SE
2010-09-08	21.2	29.1	1517	14.6	511	61	92	606	29	1613	0.99	0.0	11.0	S
2010-09-09	22.2	30.3	1448	16.1	543	50	77	617	27	1539	1.70	0.0	11.2	SE
2010-09-10	24.4	33.4	1459	15.8	603	44	72	616	22	1607	1.76	0.0	9.5	SE
2010-09-11	28.0	37.2	1412	20.9	513	34	55	606	13	1435	1.67	0.0	8.7	E
2010-09-12	29.3	37.5	1353	22.8	33	30	53	33	13	1354	1.99	0.0	8.0	E
2010-09-13	28.3	37.7	1248	19.8	2336	33	80	2359	8	1221	2.97	0.0	9.3	NE
2010-09-14	17.8	21.5	1421	13.9	2359	77	96	320	43	1551	2.06	12.6	4.7	W
2010-09-15	18.4	27.1	1458	9.3	541	57	87	545	27	1352	0.72	0.0	11.2	SW
2010-09-16	24.2	33.5	1455	15.4	543	51	79	634	26	1403	0.38	0.0	10.0	E
2010-09-17	25.3	34.5	1304	17.4	512	52	84	513	28	1302	1.30	0.0	9.9	SW
2010-09-18	23.2	31.2	1402	16.5	429	48	69	430	26	1218	1.63	0.0	10.4	SW
2010-09-19	21.7	28.6	1451	16.4	532	57	79	527	36	1454	1.86	0.0	9.4	SE
2010-09-20	24.7	32.7	1530	17.9	603	53	75	610	32	1405	1.05	0.0	8.1	SE
2010-09-21	28.1	37.8	1320	21.0	210	36	66	208	10	1232	2.02	0.0	9.5	E
2010-09-22	27.6	36.4	1235	17.3	421	35	69	419	15	1520	1.82	0.0	7.5	NE
2010-09-23	24.2	34.7	1218	18.0	2255	60	97	2322	29	1218	2.10	15.6	4.9	N
2010-09-24	19.2	21.3	1142	17.9	218	93	97	2245	80	1300	0.72	4.4	2.6	SE
2010-09-25	22.7	28.9	1420	17.7	609	80	98	747	49	1409	0.99	1.4	10.0	SE
2010-09-26	19.1	21.0	6	18.4	316	96	98	1018	83	225	1.86	61.8	0.6	S
2010-09-27	19.7	20.9	728	18.9	218	95	98	333	85	727	1.70	51.4	1.0	SE
2010-09-28	18.2	19.2	0	17.4	1828	96	97	2316	92	913	1.57	27.4	0.2	SE
2010-09-29	18.8	21.2	1312	17.6	5	94	97	733	84	858	0.53	2.8	2.4	SW
2010-09-30	20.5	25.1	1515	16.4	602	80	97	238	58	1517	0.45	0.0	6.9	SW
2010-10-01	23.9	30.9	1428	19.0	6	81	98	614	55	1421	0.99	2.8	9.3	NW
2010-10-02	19.6	23.9	1346	16.3	2354	71	96	403	43	1424	2.51	3.8	4.4	W
2010-10-03	17.5	22.2	1304	13.7	517	71	81	2359	49	1320	1.18	0.0	4.2	W
2010-10-04	19.3	22.2	1525	16.7	2358	82	93	0	70	1526	0.84	0.0	4.0	S
2010-10-05	21.4	30.0	1525	13.7	441	71	98	813	34	1529	0.50	0.0	14.4	S
2010-10-06	25.0	34.2	1354	16.1	544	62	95	559	34	1332	1.50	0.0	14.5	SE
2010-10-07	19.5	26.6	824	15.5	24	85	97	1219	62	825	2.05	16.4	1.5	N
2010-10-08	18.3	24.9	1508	12.1	521	60	92	106	27	1523	1.79	0.2	16.4	W
2010-10-09	20.5	27.5	1437	12.4	212	56	85	206	29	1534	0.98	0.0	14.1	SW
2010-10-10	22.0	27.8	1508	17.5	544	56	77	544	35	1334	1.17	0.0	14.3	S
2010-10-11	21.3	28.1	1446	15.4	301	58	88	417	33	1421	1.02	0.0	13.4	SE
2010-10-12	21.9	27.9	1524	15.3	352	52	85	302	29	1407	1.48	0.0	14.6	SE
2010-10-13	22.1	29.4	1645	15.1	514	47	67	513	32	1449	1.88	0.0	12.5	SE
2010-10-14	27.5	35.2	1355	21.2	307	49	72	2209	33	1141	2.81	0.0	10.2	E
2010-10-15	26.9	34.4	1553	22.0	2323	63	84	2232	36	1551	2.48	0.0	11.1	E
2010-10-16	21.3	24.4	812	17.9	2340	86	97	2351	72	819	1.43	6.6	4.1	SE
2010-10-17	20.7	25.2	1028	16.6	212	88	98	551	64	958	1.47	0.6	5.3	W
2010-10-18	20.4	27.3	1436	13.4	2359	65	96	519	27	1545	1.99	0.6	14.4	W
2010-10-19	21.5	30.9	1527	11.0	432	46	85	238	11	1547	0.83	0.0	15.7	W
2010-10-20	24.7	33.4	1507	14.8	320	56	90	327	28	1605	0.97	0.0	17.4	SE
2010-10-21	25.9	36.6	1237	19.4	455	51	74	0	26	1239	1.45	0.0	15.4	SE
2010-10-22	20.1	25.5	1206	17.3	1843	81	97	2114	50	1205	1.78	17.6	2.7	SW
2010-10-23	20.5	25.0	1601	17.6	457	89	98	703	68	1603	0.60	0.0	4.9	SW
2010-10-24	23.7	31.2	1546	16.9	411	74	98	757	38	1632	0.50	0.2	11.8	SW
2010-10-25	24.3	31.0	1141	18.8	516	66	94	536	36	1456	2.23	0.0	11.2	W
2010-10-26	21.6	29.0	1425	13.8	2334	45	84	455	13	1457	2.46	0.0	16.9	W
2010-10-27	21.5	30.9	1518	11.5	514	38	77	516	11	1521	0.71	0.0	15.9	E
2010-10-28	25.0	34.4	1439	12.6	311	38	76	309	15	1331	0.71	0.0	14.8	SE
2010-10-29	29.4	36.4	1202	20.9	115	39	64	2359	20	1028	3.03	0.0	14.1	E
2010-10-30	21.0	26.7	38	18.4	952	87	98	2332	63	38	1.37	35.8	2.1	S
2010-10-31	21.4	26.3	1550	18.1	2358	71	98	324	38	1816	1.81	0.4	8.9	SW
2010-11-01	21.6	29.0	1451	14.6	2320	41	70	2320	15	1409	2.21	0.0	16.0	W
2010-11-02	21.3	29.1	1450	13.1	257	42	73	302	15	1530	1.47	0.0	16.6	SW
2010-11-03	23.3	32.5	1544	12.9	325	38	77	324	13	1303	0.60	0.0	15.9	SE
2010-11-04	26.9	35.4	1422	17.4	432	38	63	518	18	1327	1.12	0.0	15.5	NE
2010-11-05	19.5	25.1	40	16.0	2359	87	98	2359	46	38	1.92	32.0	1.5	W
2010-11-06	20.9	28.3	1504	14.2	500	67	100	615	29	1621	1.29	0.2	16.3	W
2010-11-07	23.2	30.6	1518	13.6	433	54	90	435	28	1430	0.62	0.0	16.4	SE
2010-11-08	26.9	34.8	1400	17.1	510	50	83	512	16	1321	1.82	0.0	16.8	E
2010-11-09	25.7	34.2	1216	19.8	2359	65	78	509	37	1214	3.40	0.2	12.1	N
2010-11-10	19.4	25.4	1456	15.6	2358	64	94	416	34	1653	3.25	0.0	11.9	W
2010-11-11	21.6	28.9	1337	13.6	442	63	84	2359	43	1541	1.21	0.0	12.9	S
2010-11-12	23.0	28.4	1540	17.9	524	69	91	527	49	1534	0.84	0.0	10.5	S
2010-11-13	23.5	30.3	1258	17.5	440	69	93	449	45	1259	0.90	0.4	11.4	S
2010-11-14	24.1	30.6	1329	17.5	513	63	87	511	39	1327	1.04	0.0	14.7	S
2010-11-15	20.1	23.4	711	16.8	2347	82	97	1258	61	137	0.79	10.4	2.0	E
2010-11-16	21.2	26.2	1626	15.8	233	80	98	557	54	1701	0.55	0.0	9.6	S
2010-11-17	23.1	31.1	1433	16.4	2332	59	95	105	19	1611	1.35	0.0	15.1	W
2010-11-18	23.9	32.4	1543	15.0	457	44	76	43	18	1609	0.72	0.0	15.9	W
2010-11-19	26.2	34.3	1455	18.0	429	48	96	2356	24	1307	1.71	12.2	14.9	SE
2010-11-20	19.9	22.9	1456	18.4	1110	90	97	321	70	1507	1.71	18.2	2.3	E
2010-11-21	23.1	29.7	1410	18.4	113	80	98	207	58	1340	1.32	0.0	10.4	E
2010-11-22	23.6	29.7	1449	19.2	403	73	96	408	40	1412	1.79	0.0	11.3	NW
2010-11-23	24.6	31.4	1518	18.0	450	65	96	501	36	1514	1.20	0.0	15.0	NW
2010-11-24	23.6	30.3	1238	18.1	442	68	88	445	40	1233	1.60	0.0	11.4	SW
2010-11-25	23.2	30.4	1317	16.2	457	61	90	512	19	1209	1.17	0.0	15.4	NW
2010-11-26	24.7	32.6	1613	16.4	456	54	88	459	25	1627	0.72	0.0	16.4	NW
2010-11-27	27.1	35.1	1618	17.2	518	49	84	521	26	1619	0.62	0.0	16.1	SE
2010-11-28	24.7	32.6	1209	19.9	2330	73	97	1611	47	1257	1.81	16.8	9.0	E
2010-11-29	24.6	30.3	1154	19.9	226	82	98	2330	59	1514	1.69	10.0	13.1	NW
2010-11-30	24.1	30.8	1417	21.3	445	89	98	648	57	1419	0.65	17.8	10.6	SW
2010-12-01	25.6	32.0	1500	21.3	346	83	99	655	49	1516	0.97	21.2	13.5	E
2010-12-02	27.1	33.1	1455	22.4	8	80	98	627	51	1551	1.09	7.2	13.4	E
2010-12-03	27.8	32.2	1117	23.8	338	73	91	340	54	1147	1.71	0.0	11.2	NE
2010-12-04	28.6	34.4	1254	23.8	112	68	94	121	41	1256	1.77	0.0	16.3	NE
2010-12-05	25.3	34.2	1154	20.3	2231	82	98	2247	46	1100	1.51	29.4	11.3	E
2010-12-06	24.4	31.3	1328	20.6	210	85	99	611	61	1350	0.89	0.6	12.5	SE
2010-12-07	26.3	34.2	1349	20.9	419	78	96	434	47	1411	1.23	0.0	13.4	E
2010-12-08	22.4	25.8	815	20.2	1213	92	98	1301	81	811	1.02	58.8	4.3	SE
2010-12-09	25.7	30.8	1312	19.5	224	79	98	415	56	1202	0.66	0.0	13.0	SE
2010-12-10	28.2	34.4	1426	23.1	339	74	96	356	46	1422	1.35	0.0	14.7	E
2010-12-11	29.1	35.3	1441	23.2	429	68	89	434	45	1529	1.32	0.0	16.4	E
2010-12-12	29.6	34.6	1421	25.3	509	67	85	126	45	1459	1.79	0.0	14.8	NE
2010-12-13	17.3	27.5	24	13.5	2359	79	96	259	67	1009	3.80	26.0	4.3	W
2010-12-14	18.0	25.3	1527	9.5	440	66	89	441	36	1552	1.53	0.0	16.7	W
2010-12-15	20.7	26.8	1541	16.6	117	76	94	0	43	1525	0.86	0.0	10.6	S
2010-12-16	22.9	27.4	1543	18.2	0	80	94	447	65	1311	0.87	0.0	8.4	S
2010-12-17	26.0	31.5	1510	21.4	146	73	95	349	48	1439	1.37	0.0	14.1	E
2010-12-18	27.3	33.5	1614	21.6	506	69	94	512	37	1346	1.09	0.0	16.5	E
2010-12-19	27.4	32.8	1518	21.8	452	67	92	344	39	1614	0.90	0.0	15.7	SE
2010-12-20	25.7	33.2	1338	22.5	1847	76	91	1851	45	1329	1.29	0.0	12.7	E
2010-12-21	25.8	31.8	1506	20.6	423	77	97	505	52	1507	1.28	0.0	11.5	NE
2010-12-22	23.1	28.9	1057	20.9	2359	90	99	2358	61	1003	0.73	39.4	5.9	E
2010-12-23	24.2	30.5	1248	19.7	501	84	100	410	59	1248	0.73	0.0	10.4	NE
2010-12-24	23.3	29.7	1036	20.7	1443	91	99	2236	64	1032	0.76	13.0	5.4	E
2010-12-25	24.0	28.9	1508	20.8	508	85	99	539	65	1509	0.97	7.0	9.5	N
2010-12-26	25.7	31.2	1315	21.9	445	83	98	535	53	1320	0.78	0.0	12.8	NE
2010-12-27	25.4	31.9	1314	21.0	456	83	100	539	53	1330	0.66	1.4	11.8	NE
2010-12-28	24.7	32.8	1228	20.4	430	82	97	2352	48	1218	0.77	1.6	12.6	N
2010-12-29	26.2	32.6	1452	20.0	415	77	100	529	44	1328	0.70	0.0	14.1	SE
2010-12-30	26.0	31.5	1405	20.9	501	77	99	529	51	1549	0.77	0.0	13.2	SE
2010-12-31	25.3	30.0	1343	21.7	440	69	91	2358	46	1354	0.90	0.0	13.8	S
2011-01-01	24.0	28.7	1405	20.0	0	79	96	404	56	1516	0.94	0.0	7.9	W
2011-01-02	24.7	30.9	1313	18.7	516	75	98	543	47	1528	0.77	0.0	12.8	W
2011-01-03	25.0	31.3	1138	19.8	502	75	97	522	46	1610	0.78	0.0	14.2	W
2011-01-04	24.7	32.0	1358	19.9	418	75	96	425	32	1344	0.71	0.0	11.0	N
2011-01-05	25.9	33.5	1304	20.2	512	71	94	128	35	1251	0.96	0.0	14.7	N
2011-01-06	26.7	34.2	1508	20.3	420	69	92	421	38	1505	0.56	0.0	13.2	NW
2011-01-07	26.0	33.4	1344	21.1	456	76	93	500	45	1331	0.90	0.0	12.4	E
2011-01-08	26.6	33.7	1430	22.1	315	77	98	2356	44	1431	1.12	6.2	12.6	E
2011-01-09	26.8	32.3	1216	22.1	504	79	100	644	47	1219	0.99	2.0	15.0	W
2011-01-10	25.5	31.7	1040	23.1	2308	88	100	2102	55	1147	0.62	14.2	7.3	N
2011-01-11	24.4	32.1	1445	21.5	2335	90	100	835	57	1445	1.12	63.2	10.2	N
2011-01-12	23.7	26.9	1420	21.1	208	86	100	428	66	1446	1.33	2.4	5.7	N
2011-01-13	25.6	31.4	1529	21.4	404	79	100	556	48	1503	0.70	0.0	13.9	NE
2011-01-14	27.0	32.8	1417	22.6	422	72	96	432	39	1531	1.36	0.0	15.1	NW
2011-01-15	26.7	32.9	1343	20.1	516	69	94	329	42	1345	0.48	0.0	12.4	NW
2011-01-16	25.7	32.2	1146	21.7	410	80	96	421	54	1149	0.94	1.0	11.7	N
2011-01-17	24.7	32.0	1410	21.2	2020	85	100	2310	55	1255	1.46	47.6	14.9	N
2011-01-18	24.8	31.7	1519	21.4	2142	86	100	154	52	1345	1.25	36.6	13.8	N
2011-01-19	24.7	32.1	1503	20.3	512	83	99	435	50	1513	1.05	14.2	14.7	N
2011-01-20	24.1	30.0	1245	21.2	335	89	100	448	60	1257	0.87	4.6	6.8	NW
2011-01-21	24.4	30.8	1354	21.1	328	88	100	402	58	1356	0.77	0.4	9.7	NE
2011-01-22	24.9	29.4	1504	21.8	143	86	98	158	63	1508	0.66	0.2	8.4	SE
2011-01-23	25.5	30.2	1507	22.3	433	78	98	208	51	1505	0.63	0.0	9.3	SE
2011-01-24	25.9	34.0	1539	19.4	2344	79	99	2359	40	1512	1.28	46.8	14.8	E
2011-01-25	26.1	33.8	1638	19.4	505	75	100	612	39	1703	0.94	0.2	16.1	SE
2011-01-26	25.2	33.2	1505	21.4	548	78	95	2351	47	1433	1.26	16.2	14.6	NE
2011-01-27	26.4	32.4	1445	21.4	528	75	98	2355	50	1201	1.41	5.6	16.0	NE
2011-01-28	24.9	32.2	1436	21.2	1728	85	99	551	49	1437	0.78	24.8	10.5	NE
2011-01-29	24.2	29.9	1035	21.9	528	86	98	43	59	1034	1.02	4.2	8.3	NE
2011-01-30	26.0	31.6	1608	22.0	440	79	97	125	51	1542	0.84	0.0	14.7	NE
2011-01-31	27.0	32.8	1508	21.5	459	75	98	601	45	1533	1.12	0.0	16.0	NE
2011-02-01	25.1	32.0	1319	21.8	2019	85	100	1954	49	1342	1.19	65.4	8.6	NE
2011-02-02	23.7	28.7	948	21.1	528	91	100	0	67	947	0.81	0.8	6.9	NE
2011-02-03	25.2	31.2	1503	21.9	2359	84	100	510	53	1457	1.15	6.4	11.6	E
2011-02-04	24.9	29.9	1712	21.6	23	83	100	30	53	1514	1.07	1.0	10.3	NE
2011-02-05	25.4	31.4	1447	21.8	635	79	95	443	46	1701	1.41	0.0	13.0	NE
2011-02-06	24.3	30.8	1222	22.4	2151	90	100	1955	60	1227	0.96	15.6	6.8	E
2011-02-07	24.3	30.4	1402	21.7	313	87	100	0	61	1402	1.29	1.2	8.7	E
2011-02-08	24.0	30.4	1334	22.1	1509	91	100	2050	61	1335	1.13	10.6	6.0	NE
2011-02-09	24.0	29.2	1317	22.0	2310	92	100	0	64	1204	1.02	2.0	8.4	NE
2011-02-10	23.5	28.9	1524	21.4	708	93	100	0	66	1601	1.14	6.4	7.3	NE
2011-02-11	23.8	28.9	1318	21.6	1916	90	100	455	62	1343	1.24	11.8	7.2	E
2011-02-12	24.9	31.1	1502	22.0	52	84	100	0	52	1458	1.55	19.0	11.2	NE
2011-02-13	23.8	31.7	1458	20.6	2254	90	100	1555	53	1441	0.93	25.2	10.9	E
2011-02-14	24.7	31.2	1622	20.6	558	82	100	0	50	1608	1.05	9.8	11.0	W
2011-02-15	25.0	31.7	1155	20.8	522	84	100	558	52	1221	0.68	2.0	9.6	S
2011-02-16	26.7	32.8	1629	22.6	412	78	94	556	49	1547	0.85	0.2	13.3	SE
2011-02-17	26.0	33.1	1445	22.4	545	80	94	545	49	1445	0.59	0.2	10.7	SE
2011-02-18	27.1	33.5	1532	22.6	2314	76	97	553	45	1410	0.81	0.2	13.6	SE
2011-02-19	23.7	29.4	1337	20.3	438	86	98	623	57	1341	1.17	0.0	9.5	W
2011-02-20	25.5	32.8	1439	20.6	518	78	99	613	42	1344	0.93	0.0	13.3	NW
2011-02-21	26.3	33.8	1437	20.3	451	74	99	535	36	1432	0.85	0.2	14.5	NW
2011-02-22	26.2	33.5	1347	21.1	441	75	96	443	39	1345	0.91	0.6	12.1	NE
2011-02-23	26.0	32.1	1419	21.5	450	76	94	455	49	1413	1.19	0.6	13.4	NE
2011-02-24	26.5	33.7	1526	21.9	253	77	97	254	44	1530	1.43	0.0	13.0	NE
2011-02-25	27.2	33.5	1509	22.4	545	71	95	543	42	1434	1.13	0.0	13.7	N
2011-02-26	26.2	33.5	1314	21.8	524	78	97	2343	43	1314	1.07	1.4	12.9	NE
2011-02-27	24.3	32.2	1328	20.7	532	87	99	213	50	1325	1.18	8.8	11.0	W
2011-02-28	24.5	29.6	1557	22.6	538	90	100	615	62	1549	0.68	7.8	7.3	S
2011-03-01	23.4	26.4	1357	22.0	204	89	97	352	73	1358	1.38	1.2	4.3	SE
2011-03-02	22.4	25.8	1508	21.1	605	91	97	504	75	1509	2.07	4.0	4.4	S
2011-03-03	21.8	22.8	1426	21.1	555	95	98	628	92	849	2.18	13.0	2.9	S
2011-03-04	20.9	22.4	1429	19.9	709	93	98	211	82	1430	1.78	1.8	2.8	S
2011-03-05	22.4	25.9	1253	20.4	13	85	96	1	71	1254	1.44	0.0	5.3	S
2011-03-06	22.2	25.3	1436	20.1	241	83	94	239	68	1432	0.99	0.0	5.1	S
2011-03-07	22.5	26.7	1357	21.1	1	92	98	634	75	1401	1.41	2.6	5.1	S
2011-03-08	24.0	28.7	1401	21.2	437	81	96	451	59	1402	1.06	0.0	7.5	S
2011-03-09	24.5	30.5	1536	19.5	525	82	99	617	54	1531	0.66	1.0	9.7	S
2011-03-10	25.6	31.7	1406	20.7	447	80	100	453	50	1504	0.86	0.0	12.0	S
2011-03-11	25.8	31.6	1424	21.0	2039	78	97	356	48	1426	0.72	19.6	9.0	SE
2011-03-12	25.2	33.0	1422	20.4	558	81	100	628	46	1419	0.91	1.4	9.6	N
2011-03-13	26.3	32.9	1418	21.3	529	69	100	632	30	1409	1.54	0.0	12.2	W
2011-03-14	24.3	31.3	1455	20.1	550	75	95	556	36	1548	2.34	0.0	12.4	W
2011-03-15	25.4	32.5	1506	18.8	530	73	93	213	42	1403	0.89	0.0	13.3	S
2011-03-16	25.4	31.8	1436	20.8	535	71	95	536	40	1453	0.91	0.0	13.1	SE
2011-03-17	24.7	31.9	1425	20.7	245	82	97	2230	51	1353	0.78	6.0	10.8	SE
2011-03-18	25.7	32.7	1252	21.1	552	79	97	336	41	1146	1.36	0.0	9.7	SW
2011-03-19	25.6	32.1	1436	21.2	547	78	97	604	44	1338	1.35	3.0	11.0	S
2011-03-20	24.2	29.0	1351	20.1	553	75	92	8	57	1514	1.23	0.0	10.1	E
2011-03-21	23.8	29.7	1332	18.4	558	73	90	605	49	1333	1.18	0.0	11.3	E
2011-03-22	22.5	25.4	1537	21.1	343	89	98	1805	79	1539	1.90	17.8	3.2	S
2011-03-23	23.6	28.4	1506	21.5	104	88	97	115	63	1446	2.03	6.0	6.0	E
2011-03-24	25.6	31.4	1245	21.4	343	80	98	509	53	1517	1.09	0.0	10.7	E
2011-03-25	26.4	32.5	1428	20.9	554	75	99	631	44	1434	1.02	0.0	11.3	E
2011-03-26	27.4	33.8	1455	21.6	328	71	95	335	41	1532	1.10	0.2	11.5	NE
2011-03-27	26.8	33.8	1535	21.5	251	73	94	26	43	1518	1.51	0.0	11.1	NE
2011-03-28	24.7	32.8	1229	21.8	2350	85	98	2229	45	1231	0.99	7.2	8.0	SE
2011-03-29	24.1	30.6	1329	21.6	306	86	98	49	57	1323	0.75	1.0	8.1	SE
2011-03-30	23.7	29.3	1110	21.5	2346	92	99	623	65	1130	0.77	35.0	6.0	SW
2011-03-31	25.1	30.5	1454	21.2	304	84	100	418	56	1450	0.59	0.0	8.8	SE
2011-04-01	25.0	31.8	1510	20.7	1820	82	98	2248	50	1353	1.07	80.6	9.9	SE
2011-04-02	21.8	27.2	1147	19.8	534	91	100	714	65	1137	1.03	23.6	5.3	SE
2011-04-03	23.6	28.8	1553	19.8	628	85	100	515	58	1518	0.58	0.0	8.7	E
2011-04-04	24.3	29.9	1225	20.3	2353	84	100	701	53	1528	0.83	1.2	8.0	W
2011-04-05	23.6	30.0	1451	18.1	607	76	100	621	43	1519	0.99	0.0	11.1	SW
2011-04-06	22.7	29.9	1503	15.9	549	64	95	554	25	1432	0.62	0.0	11.4	W
2011-04-07	22.1	29.8	1506	14.7	540	62	90	338	30	1355	0.43	0.0	10.8	S
2011-04-08	22.7	30.6	1406	15.8	452	61	90	442	30	1520	0.72	0.0	11.2	W
2011-04-09	22.1	29.3	1420	15.6	533	61	86	625	27	1534	1.07	0.0	11.1	W
2011-04-10	21.6	29.4	1542	14.2	602	60	88	604	30	1636	0.79	0.0	10.4	N
2011-04-11	22.3	30.1	1638	13.5	507	59	89	509	31	1438	0.73	0.0	10.8	N
2011-04-12	18.7	21.0	48	16.8	354	96	100	1924	70	37	1.05	42.4	0.7	SE
2011-04-13	23.6	30.7	1540	18.6	106	86	100	519	59	1533	1.92	1.6	8.7	E
2011-04-14	25.9	32.5	1531	20.8	411	77	93	9	47	1532	1.28	0.0	10.4	E
2011-04-15	22.8	27.9	1344	20.3	636	86	97	530	65	1346	1.59	0.4	6.7	SW
2011-04-16	24.0	31.8	1508	19.0	605	80	98	616	49	1531	0.87	0.2	9.9	SE
2011-04-17	25.1	32.0	1443	18.8	537	73	100	642	40	1421	0.92	0.0	10.4	SE
2011-04-18	25.3	31.9	1514	18.9	553	70	96	633	37	1259	0.61	0.0	8.8	SE
2011-04-19	25.2	31.6	1337	19.6	519	69	92	518	37	1349	0.76	0.0	9.7	SE
2011-04-20	25.2	31.9	1530	20.9	625	71	90	157	41	1604	1.33	0.0	9.4	E
2011-04-21	24.4	30.1	1537	19.2	252	77	94	2359	59	1620	0.48	0.0	5.0	E
2011-04-22	26.3	33.1	1256	20.7	604	71	98	532	37	1328	1.23	0.0	10.4	E
2011-04-23	23.6	32.9	1333	17.2	1845	77	96	630	36	1337	1.35	16.6	8.6	SE
2011-04-24	21.0	26.4	1252	16.4	410	81	95	528	62	1438	0.75	0.0	7.1	SW
2011-04-25	20.9	27.5	1136	18.6	2352	91	100	2357	66	1124	0.99	10.4	4.5	S
2011-04-26	20.6	25.3	1353	17.7	624	85	100	213	60	1354	0.92	0.0	7.7	S
2011-04-27	20.8	26.3	1457	16.2	601	80	95	119	59	1450	0.96	0.0	8.9	SE
2011-04-28	18.4	21.6	1347	15.7	532	87	97	2346	72	1351	0.83	0.0	3.5	SE
2011-04-29	21.6	28.7	1423	15.4	339	81	98	404	55	1451	1.05	23.0	7.8	E
2011-04-30	20.7	24.7	1501	18.0	408	85	100	54	64	1505	1.52	15.4	4.2	N
2011-05-01	17.5	19.6	5	13.2	2358	92	100	359	81	1612	1.84	5.8	2.4	W
2011-05-02	13.7	17.8	1323	9.5	2351	82	95	337	65	1324	2.04	0.0	3.7	W
2011-05-03	14.1	20.0	1521	9.8	2359	75	91	2245	48	1521	0.24	0.0	6.6	SW
2011-05-04	16.2	22.8	1342	9.1	241	74	93	259	48	1347	0.38	0.0	6.2	SW
2011-05-05	20.1	27.6	1433	12.6	550	75	97	645	42	1322	0.40	0.0	8.4	E
2011-05-06	22.5	29.8	1333	15.9	523	76	98	509	46	1333	0.43	0.0	8.5	S
2011-05-07	22.7	29.5	1337	17.0	408	78	98	641	50	1354	0.66	0.0	8.4	SE
2011-05-08	23.6	31.0	1347	16.6	616	69	98	648	33	1348	0.72	0.0	8.5	E
2011-05-09	22.5	29.5	1358	15.8	517	71	96	558	37	1131	0.52	0.0	7.9	NE
2011-05-10	22.3	28.6	1417	15.7	629	77	97	645	53	1539	0.91	0.0	7.0	NE
2011-05-11	22.3	27.7	1443	17.4	603	82	97	637	61	1446	0.64	0.0	4.7	E
2011-05-12	22.6	28.9	1259	18.0	403	79	100	537	40	1436	0.54	0.0	7.0	SE
2011-05-13	22.1	28.1	1253	16.7	306	78	98	359	50	1339	0.56	0.0	7.6	E
2011-05-14	22.0	28.0	1459	16.9	624	77	95	640	52	1459	0.77	0.0	7.6	E
2011-05-15	17.6	20.7	1520	13.0	2337	83	96	430	61	1520	2.12	0.0	4.1	SW
2011-05-16	14.4	18.2	1446	11.2	212	88	97	2315	71	1424	0.86	0.0	2.6	S
2011-05-17	16.1	23.3	1445	7.9	622	78	100	711	42	1429	0.73	0.0	7.5	E
2011-05-18	17.5	23.3	1316	13.0	144	72	88	437	41	1533	0.82	0.0	7.5	E
2011-05-19	18.0	24.5	1323	12.3	337	64	91	351	32	1145	0.64	0.0	7.7	E
2011-05-20	18.3	25.4	1456	11.4	557	68	90	602	43	1220	0.80	0.0	7.8	E
2011-05-21	20.1	27.3	1457	13.1	605	67	92	512	41	1450	1.06	0.0	7.7	E
2011-05-22	21.6	27.6	1528	17.0	522	66	78	525	47	1207	1.01	0.0	6.0	E
2011-05-23	22.4	29.5	1421	16.2	526	63	91	534	37	1429	0.94	0.0	7.9	NE
2011-05-24	21.2	27.7	1309	14.4	601	58	88	611	32	1434	1.29	0.0	7.4	NE
2011-05-25	21.2	29.2	1513	13.2	640	60	90	646	32	1502	0.94	0.0	7.5	N
2011-05-26	20.0	23.9	1452	16.8	2359	76	85	2148	62	1455	1.73	0.0	4.8	SW
2011-05-27	17.1	24.0	1407	12.7	2359	71	91	638	32	1421	1.34	0.0	7.3	SW
2011-05-28	16.7	24.8	1419	9.5	530	79	98	715	41	1253	0.62	0.0	7.3	S
2011-05-29	17.5	24.0	1354	11.4	612	74	100	713	43	1451	0.64	0.0	7.0	SE
2011-05-30	15.6	22.3	1415	9.9	621	67	91	624	39	1339	0.63	0.0	7.3	E
2011-05-31	16.0	25.1	1449	7.3	542	68	96	653	34	1449	0.42	0.0	6.9	S
2011-06-01	17.4	25.7	1443	10.3	627	69	95	644	35	1444	0.44	0.0	7.1	SE
2011-06-02	18.0	24.9	1226	10.1	607	67	96	635	34	1354	0.45	0.0	6.0	E
2011-06-03	18.7	26.8	1517	11.3	525	67	96	633	37	1309	0.46	0.0	6.5	W
2011-06-04	16.4	22.2	1433	10.4	2359	78	89	307	57	1453	1.30	0.0	7.0	SW
2011-06-05	15.2	23.5	1456	6.8	619	72	98	715	37	1525	0.79	0.0	7.1	E
2011-06-06	18.6	25.2	1350	12.0	523	63	82	208	41	1335	1.53	0.0	6.5	NE
2011-06-07	17.4	21.4	4	9.3	2338	75	95	832	53	1422	2.86	2.8	4.9	W
2011-06-08	14.4	20.5	1404	5.9	608	81	100	738	54	1312	1.17	0.8	6.0	E
2011-06-09	14.8	17.7	1300	11.0	2320	96	100	903	86	1304	1.06	32.8	0.3	S
2011-06-10	14.2	21.9	1336	7.9	625	81	100	113	42	1308	0.55	0.2	5.0	S
2011-06-11	15.3	23.2	1354	6.3	638	79	100	717	44	1510	0.87	0.0	6.9	E
2011-06-12	17.9	25.4	1430	12.4	632	76	95	649	50	1454	1.27	0.0	6.9	NE
2011-06-13	18.6	27.3	1455	11.0	552	73	98	659	35	1400	0.50	0.0	7.2	SE
2011-06-14	18.2	25.7	1459	10.8	619	72	98	713	38	1538	1.02	0.0	7.2	E
2011-06-15	18.7	25.8	1447	13.2	634	71	94	637	44	1433	2.01	0.0	7.2	E
2011-06-16	20.4	28.1	1453	12.4	620	62	87	623	36	1455	1.58	0.0	7.1	E
2011-06-17	22.5	30.0	1412	15.1	430	65	92	310	39	1413	1.15	0.0	6.6	NE
2011-06-18	23.9	29.8	1332	19.9	2358	64	80	18	44	1515	1.62	0.0	5.3	NE
2011-06-19	22.8	29.8	1507	17.4	520	59	81	45	39	1557	2.28	0.0	7.3	NE
2011-06-20	22.0	30.2	1419	14.2	619	63	84	620	38	1437	1.30	0.0	6.9	NE
2011-06-21	23.4	30.6	1511	17.6	512	67	89	517	39	1538	1.12	0.0	6.6	N
2011-06-22	22.7	30.4	1442	15.6	433	67	98	713	31	1520	0.69	0.0	7.1	NE
2011-06-23	22.0	28.6	1521	14.7	617	69	95	643	43	1533	0.83	0.0	7.0	NE
2011-06-24	20.1	28.4	1453	14.2	531	82	100	433	42	1446	0.86	0.0	6.4	S
2011-06-25	18.1	25.7	1420	12.2	2358	88	100	654	60	1420	2.14	0.0	5.1	SW
2011-06-26	9.5	12.2	7	4.8	2359	78	93	529	64	2123	3.63	0.8	1.7	SW
2011-06-27	7.1	14.0	1405	1.6	657	58	88	657	24	1426	1.34	0.0	7.2	SW
2011-06-28	9.3	16.0	1546	1.0	254	60	84	639	32	1358	0.62	0.0	3.6	E
2011-06-29	11.7	13.5	1959	10.3	511	91	97	2324	66	14	0.77	68.1	0.6	E
2011-06-30	16.5	19.3	2358	13.3	15	95	100	15	85	955	1.58	17.6	1.6	NE
2011-07-01	16.4	18.5	1612	14.6	2358	96	99	1955	95	2220	1.66	25.6	0.9	W
2011-07-02	13.4	15.0	1530	12.0	1904	96	99	632	90	2339	1.42	18.4	0.9	SW
2011-07-03	10.9	12.3	1134	8.7	2332	86	94	428	75	1331	2.43	0.0	1.9	SW
2011-07-04	9.8	15.9	1410	5.4	2350	62	90	0	26	1345	1.58	0.0	7.4	S
2011-07-05	11.5	18.5	1427	4.9	354	65	86	355	34	1143	0.47	0.0	4.6	SW
2011-07-06	14.4	23.1	1503	7.0	456	58	87	616	31	1043	0.79	0.0	6.6	W
2011-07-07	14.9	22.6	1401	9.8	0	57	78	312	31	1324	0.92	0.0	7.2	SW
2011-07-08	14.5	23.7	1454	6.5	617	52	79	643	18	1353	0.51	0.0	7.2	E
2011-07-09	18.6	27.6	1517	10.2	526	54	79	527	30	1504	1.52	0.0	7.3	E
2011-07-10	21.0	29.8	1441	10.9	501	57	89	517	33	1443	1.29	0.0	5.9	NE
2011-07-11	23.6	32.3	1455	16.3	639	63	90	702	29	1546	0.69	0.0	6.5	N
2011-07-12	23.9	31.8	1410	15.7	641	60	93	649	30	1411	0.68	0.0	6.5	NE
2011-07-13	23.9	31.1	1500	17.5	620	50	78	355	26	1528	1.18	0.0	7.2	NE
2011-07-14	23.0	31.3	1337	15.4	509	43	76	506	18	1420	1.24	0.0	7.6	NE
2011-07-15	22.5	31.6	1435	14.4	632	40	60	629	17	1346	1.14	0.0	7.6	NE
2011-07-16	24.0	32.4	1345	14.9	617	43	71	458	19	1345	1.06	0.0	6.8	NE
2011-07-17	25.4	32.6	1249	20.5	38	46	72	2358	26	1251	1.58	0.0	5.5	N
2011-07-18	20.0	25.3	1450	16.9	2249	90	100	640	66	1450	1.10	37.6	4.4	E
2011-07-19	20.8	26.9	1522	16.7	357	82	100	0	56	1523	0.78	0.0	7.8	E
2011-07-20	24.6	32.6	1435	18.0	624	62	87	616	33	1349	1.92	0.0	7.2	NE
2011-07-21	18.4	23.6	53	14.3	2358	91	100	800	68	35	1.91	21.4	1.6	SW
2011-07-22	14.6	20.9	1442	10.3	2321	79	94	455	48	1435	1.38	0.0	6.0	S
2011-07-23	16.6	24.3	1528	9.3	503	83	96	512	63	1600	0.78	0.0	4.6	E
2011-07-24	20.1	26.3	1422	15.6	553	71	89	556	44	1450	1.12	0.0	7.3	E
2011-07-25	21.3	27.9	1427	15.7	622	61	89	638	31	1551	2.00	0.0	8.0	E
2011-07-26	21.3	29.5	1457	13.0	615	62	92	622	33	1427	0.63	0.0	6.8	NE
2011-07-27	22.4	29.5	1428	15.2	603	56	89	606	29	1325	1.11	0.0	8.1	NE
2011-07-28	22.9	31.2	1430	15.8	311	48	78	733	23	1445	1.28	0.0	8.1	NE
2011-07-29	24.3	31.4	1423	16.5	447	47	75	449	24	1137	2.16	0.0	8.1	N
2011-07-30	22.4	27.8	1225	18.1	637	72	93	2358	52	0	1.88	7.8	5.0	N
2011-07-31	20.3	23.7	1323	17.2	2358	91	100	453	69	1355	0.92	6.6	2.8	NW
2011-08-01	13.2	17.2	3	7.9	2346	93	97	0	85	2043	2.85	2.2	0.9	W
2011-08-02	8.8	13.9	1615	6.0	502	79	92	503	52	1533	1.87	0.0	6.4	W
2011-08-03	9.8	14.9	1555	5.8	2359	69	85	557	41	1627	1.74	0.0	6.3	SW
2011-08-04	11.2	18.3	1440	2.8	416	55	88	433	22	1441	0.66	0.0	8.4	S
2011-08-05	16.8	25.3	1511	8.5	310	44	68	527	21	1403	1.27	0.0	8.3	E
2011-08-06	22.1	31.9	1459	12.7	206	46	71	210	25	1459	0.62	0.0	8.2	NE
2011-08-07	25.0	34.4	1444	15.7	615	50	78	617	22	1446	1.19	0.0	8.1	NE
2011-08-08	26.1	34.4	1422	16.4	629	49	85	630	18	1250	1.44	0.0	8.6	N
2011-08-09	26.4	33.1	1453	20.9	2349	55	82	2234	32	1525	2.04	0.0	8.0	W
2011-08-10	23.5	31.6	1513	16.1	628	64	93	635	36	1403	0.66	0.0	8.6	E
2011-08-11	22.3	29.3	1514	15.9	621	62	86	634	40	1457	1.30	0.0	8.7	E
2011-08-12	24.5	32.9	1512	16.4	614	52	79	523	29	1503	1.47	0.0	8.9	E
2011-08-13	26.1	35.3	1353	17.6	629	43	73	602	14	1349	0.79	0.0	8.4	NE
2011-08-14	26.5	36.0	1411	18.5	650	41	77	649	14	1442	0.99	0.0	8.3	NE
2011-08-15	24.4	33.0	1509	17.6	314	44	80	315	17	1505	1.63	0.0	8.6	E
2011-08-16	25.9	35.1	1424	19.1	534	27	52	2357	13	1427	2.20	0.0	8.7	NE
2011-08-17	20.1	22.4	448	19.1	712	77	94	1331	36	445	1.23	1.8	1.4	SE
2011-08-18	25.2	33.8	1427	19.1	116	55	83	115	24	1428	2.59	0.2	7.8	NE
2011-08-19	22.2	32.2	1120	12.2	2337	72	94	1415	41	1121	4.05	1.6	3.6	NW
2011-08-20	11.0	14.7	1150	8.7	2349	66	86	416	41	1333	3.91	0.0	7.3	SW
2011-08-21	11.4	17.8	1430	6.8	631	56	73	637	38	1431	2.79	0.0	8.7	SW
2011-08-22	11.8	17.8	1251	8.4	102	76	90	2351	58	1243	1.93	0.0	4.5	SW
2011-08-23	11.7	16.2	1536	9.0	2359	85	94	2359	64	1537	1.51	0.2	4.3	SW
2011-08-24	18.0	27.8	1457	7.9	533	71	97	635	39	1512	0.72	0.0	9.4	NE
2011-08-25	23.3	32.4	1432	14.7	557	64	94	630	30	1433	0.92	0.0	8.2	NE
2011-08-26	24.6	33.8	1437	15.8	606	56	96	641	21	1526	0.86	0.0	9.2	NE
2011-08-27	26.1	34.9	1503	17.3	314	41	74	316	17	1503	1.97	0.0	8.9	NE
2011-08-28	27.7	36.1	1309	18.6	352	43	65	344	25	1309	1.99	0.0	9.6	N
2011-08-29	29.0	36.4	1351	22.3	401	46	70	401	22	1414	2.52	0.0	9.2	N
2011-08-30	26.6	34.3	1034	17.9	2359	55	81	2354	32	1024	2.92	2.4	6.4	W
2011-08-31	18.1	25.7	1408	10.4	2353	47	81	2359	17	1411	3.34	0.0	8.8	SW
2011-09-01	16.2	26.8	1504	6.8	440	48	72	435	18	1545	1.21	0.0	12.3	SE
2011-09-02	18.4	27.8	1456	10.6	429	43	70	611	13	1502	1.23	0.0	10.4	E
2011-09-03	20.3	29.8	1510	11.5	605	48	76	619	23	1442	1.60	0.0	10.2	E
2011-09-04	26.9	36.5	1302	18.0	603	36	58	608	17	1302	2.06	0.0	9.6	NE
2011-09-05	26.6	34.2	1118	19.8	459	47	81	2323	29	1332	1.62	0.0	5.9	S
2011-09-06	23.1	31.6	1419	18.2	603	73	93	2341	40	1304	1.02	0.0	7.1	S
2011-09-07	24.5	34.1	1351	17.6	449	68	95	502	32	1424	0.77	0.0	8.4	SE
2011-09-08	22.2	29.6	1045	16.7	2337	74	97	2357	37	1030	2.15	22.6	6.2	S
2011-09-09	16.3	20.2	1501	13.4	2348	89	98	307	65	1520	1.20	8.2	2.6	S
2011-09-10	17.3	24.6	1454	9.9	615	85	100	736	56	1418	0.57	0.4	9.3	SE
2011-09-11	20.5	28.1	1426	13.0	2343	56	94	234	18	1431	1.27	0.0	12.0	S
2011-09-12	20.7	31.2	1615	9.8	534	51	92	539	16	1445	0.60	0.0	11.7	SE
2011-09-13	22.7	31.8	1446	13.8	550	50	85	546	19	1540	0.48	0.0	11.3	SE
2011-09-14	21.9	31.3	1424	12.4	601	51	89	607	22	1405	0.88	0.0	11.6	SE
2011-09-15	21.9	30.2	1519	14.3	553	64	88	554	38	1520	1.27	0.0	11.4	E
2011-09-16	25.7	33.1	1322	19.0	357	56	81	600	31	1324	1.96	0.0	11.0	E
2011-09-17	26.5	34.0	1446	20.7	604	45	77	2357	25	1450	2.32	0.0	10.9	NE
2011-09-18	22.0	26.0	1225	19.1	505	69	87	504	47	1357	1.08	0.0	4.3	SE
2011-09-19	24.8	32.5	1440	17.9	449	54	88	620	25	1322	1.01	0.0	9.8	NE
2011-09-20	21.5	27.1	1300	17.3	2340	78	93	432	55	1301	2.19	0.0	8.9	SW
2011-09-21	20.9	29.1	1521	14.4	543	52	89	547	17	1442	1.14	0.0	11.8	S
2011-09-22	24.0	33.4	1439	13.8	440	46	67	618	27	958	0.59	0.0	11.0	NE
2011-09-23	20.0	25.0	21	16.8	2358	85	98	2320	50	630	1.56	27.8	0.9	S
2011-09-24	19.2	25.6	1516	14.8	2359	73	99	414	34	1518	1.09	0.0	12.6	S
2011-09-25	19.4	26.8	1522	13.4	411	63	89	544	34	1511	0.98	0.0	12.6	E
2011-09-26	20.5	29.2	1429	13.1	533	60	88	556	29	1516	0.86	0.0	12.5	SE
2011-09-27	23.3	33.5	1624	13.4	522	54	85	259	20	1623	0.58	0.0	12.4	SE
2011-09-28	25.3	34.2	1508	15.8	542	50	78	545	24	1554	0.84	0.0	12.3	E
2011-09-29	27.3	36.1	1512	19.6	359	42	62	353	20	1535	0.90	0.0	12.1	E
2011-09-30	28.1	36.2	1452	19.3	444	45	77	625	20	1609	0.94	0.0	11.2	E
2011-10-01	24.2	34.2	1213	18.0	2231	63	97	2251	28	1206	2.40	7.8	5.1	SE
